Final Solution Schedule:
[ 6 1 63.6 15 0 ][ 20 4 43.6 5 0 ][ 13 5 30.6 13 0 ][ 12 6 18.6 8 0 ][ 12 5 6.6 15 0 ][ 12 9 0 8 5.4 ][ 13 2 0 13 18.4 ][ 12 7 0 6 30.4 ][ 13 10 0 1 43.4 ][ 3 6 0 1 46.4 ]
Final Solution Fitness:
1090.2
Final Solution Schedule:
[ 13 5 56.6 13 0 ][ 13 2 43.6 13 0 ][ 12 7 31.6 6 0 ][ 12 5 19.6 15 0 ][ 12 6 7.6 8 0 ][ 6 1 1.6 15 0 ][ 12 9 0 8 10.4 ][ 20 4 0 5 30.4 ][ 3 6 0 1 33.4 ][ 13 10 0 1 46.4 ]
Final Solution Fitness:
1051.6
Final Solution Schedule:
[ 13 5 56.6 13 0 ][ 13 2 43.6 13 0 ][ 12 7 31.6 6 0 ][ 12 5 19.6 15 0 ][ 12 6 7.6 8 0 ][ 6 1 1.6 15 0 ][ 12 9 0 8 10.4 ][ 20 4 0 5 30.4 ][ 3 6 0 1 33.4 ][ 13 10 0 1 46.4 ]
Final Solution Fitness:
1051.6
Final Solution Schedule:
[ 13 5 56.6 13 0 ][ 13 2 43.6 13 0 ][ 12 7 31.6 6 0 ][ 12 5 19.6 15 0 ][ 12 6 7.6 8 0 ][ 6 1 1.6 15 0 ][ 12 9 0 8 10.4 ][ 20 4 0 5 30.4 ][ 3 6 0 1 33.4 ][ 13 10 0 1 46.4 ]
Final Solution Fitness:
1051.6
Final Solution Schedule:
[ 13 5 56.6 13 0 ][ 13 2 43.6 13 0 ][ 12 7 31.6 6 0 ][ 12 5 19.6 15 0 ][ 12 6 7.6 8 0 ][ 6 1 1.6 15 0 ][ 12 9 0 8 10.4 ][ 20 4 0 5 30.4 ][ 3 6 0 1 33.4 ][ 13 10 0 1 46.4 ]
Final Solution Fitness:
1051.6
Final Solution Schedule:
[ 13 5 56.6 13 0 ][ 13 2 43.6 13 0 ][ 12 7 31.6 6 0 ][ 12 5 19.6 15 0 ][ 12 6 7.6 8 0 ][ 6 1 1.6 15 0 ][ 12 9 0 8 10.4 ][ 20 4 0 5 30.4 ][ 3 6 0 1 33.4 ][ 13 10 0 1 46.4 ]
Final Solution Fitness:
1051.6
Final Solution Schedule:
[ 6 1 63.6 15 0 ][ 20 4 43.6 5 0 ][ 13 5 30.6 13 0 ][ 12 6 18.6 8 0 ][ 12 5 6.6 15 0 ][ 12 9 0 8 5.4 ][ 13 2 0 13 18.4 ][ 12 7 0 6 30.4 ][ 13 10 0 1 43.4 ][ 3 6 0 1 46.4 ]
Final Solution Fitness:
1090.2
Final Solution Schedule:
[ 6 1 63.6 15 0 ][ 20 4 43.6 5 0 ][ 13 5 30.6 13 0 ][ 12 6 18.6 8 0 ][ 12 5 6.6 15 0 ][ 12 9 0 8 5.4 ][ 13 2 0 13 18.4 ][ 12 7 0 6 30.4 ][ 13 10 0 1 43.4 ][ 3 6 0 1 46.4 ]
Final Solution Fitness:
1090.2
Final Solution Schedule:
[ 6 1 63.6 15 0 ][ 20 4 43.6 5 0 ][ 13 5 30.6 13 0 ][ 12 6 18.6 8 0 ][ 12 5 6.6 15 0 ][ 12 9 0 8 5.4 ][ 13 2 0 13 18.4 ][ 12 7 0 6 30.4 ][ 13 10 0 1 43.4 ][ 3 6 0 1 46.4 ]
Final Solution Fitness:
1090.2
Final Solution Schedule:
[ 13 5 56.6 13 0 ][ 13 2 43.6 13 0 ][ 12 7 31.6 6 0 ][ 12 5 19.6 15 0 ][ 12 6 7.6 8 0 ][ 6 1 1.6 15 0 ][ 12 9 0 8 10.4 ][ 20 4 0 5 30.4 ][ 3 6 0 1 33.4 ][ 13 10 0 1 46.4 ]
Final Solution Fitness:
1051.6
