Final Solution Schedule:
[ 13 2 33.4 13 0 ][ 6 1 27.4 15 0 ][ 12 5 15.4 15 0 ][ 12 9 3.4 8 0 ][ 13 5 0 13 9.6 ][ 20 4 0 5 29.6 ][ 12 6 0 8 41.6 ][ 3 6 0 1 44.6 ][ 13 10 0 1 57.6 ][ 12 7 0 6 69.6 ]
Final Solution Fitness:
1327.2
Final Solution Schedule:
[ 13 2 33.4 13 0 ][ 6 1 27.4 15 0 ][ 12 6 15.4 8 0 ][ 13 5 2.4 13 0 ][ 12 5 0 15 9.6 ][ 20 4 0 5 29.6 ][ 12 9 0 8 41.6 ][ 3 6 0 1 44.6 ][ 13 10 0 1 57.6 ][ 12 7 0 6 69.6 ]
Final Solution Fitness:
1343.2
Final Solution Schedule:
[ 12 5 34.4 15 0 ][ 13 2 21.4 13 0 ][ 6 1 15.4 15 0 ][ 13 5 2.4 13 0 ][ 12 9 0 8 9.6 ][ 3 6 0 1 12.6 ][ 12 7 0 6 24.6 ][ 20 4 0 5 44.6 ][ 12 6 0 8 56.6 ][ 13 10 0 1 69.6 ]
Final Solution Fitness:
1224.6
Final Solution Schedule:
[ 13 2 33.4 13 0 ][ 6 1 27.4 15 0 ][ 12 5 15.4 15 0 ][ 12 9 3.4 8 0 ][ 13 5 0 13 9.6 ][ 20 4 0 5 29.6 ][ 12 6 0 8 41.6 ][ 3 6 0 1 44.6 ][ 13 10 0 1 57.6 ][ 12 7 0 6 69.6 ]
Final Solution Fitness:
1327.2
Final Solution Schedule:
[ 12 5 34.4 15 0 ][ 13 2 21.4 13 0 ][ 6 1 15.4 15 0 ][ 13 5 2.4 13 0 ][ 12 9 0 8 9.6 ][ 3 6 0 1 12.6 ][ 12 7 0 6 24.6 ][ 20 4 0 5 44.6 ][ 12 6 0 8 56.6 ][ 13 10 0 1 69.6 ]
Final Solution Fitness:
1224.6
Final Solution Schedule:
[ 12 5 34.4 15 0 ][ 13 2 21.4 13 0 ][ 6 1 15.4 15 0 ][ 13 5 2.4 13 0 ][ 12 9 0 8 9.6 ][ 3 6 0 1 12.6 ][ 12 7 0 6 24.6 ][ 20 4 0 5 44.6 ][ 12 6 0 8 56.6 ][ 13 10 0 1 69.6 ]
Final Solution Fitness:
1224.6
Final Solution Schedule:
[ 12 5 34.4 15 0 ][ 13 2 21.4 13 0 ][ 6 1 15.4 15 0 ][ 13 5 2.4 13 0 ][ 12 9 0 8 9.6 ][ 3 6 0 1 12.6 ][ 12 7 0 6 24.6 ][ 20 4 0 5 44.6 ][ 12 6 0 8 56.6 ][ 13 10 0 1 69.6 ]
Final Solution Fitness:
1224.6
Final Solution Schedule:
[ 12 5 34.4 15 0 ][ 13 2 21.4 13 0 ][ 6 1 15.4 15 0 ][ 13 5 2.4 13 0 ][ 12 9 0 8 9.6 ][ 3 6 0 1 12.6 ][ 12 7 0 6 24.6 ][ 20 4 0 5 44.6 ][ 12 6 0 8 56.6 ][ 13 10 0 1 69.6 ]
Final Solution Fitness:
1224.6
Final Solution Schedule:
[ 12 5 34.4 15 0 ][ 13 2 21.4 13 0 ][ 6 1 15.4 15 0 ][ 13 5 2.4 13 0 ][ 12 9 0 8 9.6 ][ 3 6 0 1 12.6 ][ 12 7 0 6 24.6 ][ 20 4 0 5 44.6 ][ 12 6 0 8 56.6 ][ 13 10 0 1 69.6 ]
Final Solution Fitness:
1224.6
Final Solution Schedule:
[ 12 5 34.4 15 0 ][ 13 2 21.4 13 0 ][ 6 1 15.4 15 0 ][ 13 5 2.4 13 0 ][ 12 9 0 8 9.6 ][ 3 6 0 1 12.6 ][ 12 7 0 6 24.6 ][ 20 4 0 5 44.6 ][ 12 6 0 8 56.6 ][ 13 10 0 1 69.6 ]
Final Solution Fitness:
1224.6
