Final Solution Schedule:
[ 12 5 11.2 15 0 ][ 13 2 0 13 1.8 ][ 6 1 0 15 7.8 ][ 13 5 0 13 20.8 ][ 12 9 0 8 32.8 ][ 3 6 0 1 35.8 ][ 12 7 0 6 47.8 ][ 20 4 0 5 67.8 ][ 12 6 0 8 79.8 ][ 13 10 0 1 92.8 ]
Final Solution Fitness:
2122
Final Solution Schedule:
[ 6 1 17.2 15 0 ][ 12 5 5.2 15 0 ][ 13 5 0 13 7.8 ][ 12 9 0 8 19.8 ][ 13 2 0 13 32.8 ][ 13 10 0 1 45.8 ][ 12 7 0 6 57.8 ][ 12 6 0 8 69.8 ][ 20 4 0 5 89.8 ][ 3 6 0 1 92.8 ]
Final Solution Fitness:
2222.2
Final Solution Schedule:
[ 6 1 17.2 15 0 ][ 12 5 5.2 15 0 ][ 13 5 0 13 7.8 ][ 12 9 0 8 19.8 ][ 13 2 0 13 32.8 ][ 13 10 0 1 45.8 ][ 12 7 0 6 57.8 ][ 12 6 0 8 69.8 ][ 20 4 0 5 89.8 ][ 3 6 0 1 92.8 ]
Final Solution Fitness:
2222.2
Final Solution Schedule:
[ 12 5 11.2 15 0 ][ 13 2 0 13 1.8 ][ 6 1 0 15 7.8 ][ 13 5 0 13 20.8 ][ 12 9 0 8 32.8 ][ 3 6 0 1 35.8 ][ 12 7 0 6 47.8 ][ 20 4 0 5 67.8 ][ 12 6 0 8 79.8 ][ 13 10 0 1 92.8 ]
Final Solution Fitness:
2122
Final Solution Schedule:
[ 12 5 11.2 15 0 ][ 13 2 0 13 1.8 ][ 6 1 0 15 7.8 ][ 13 5 0 13 20.8 ][ 12 9 0 8 32.8 ][ 3 6 0 1 35.8 ][ 12 7 0 6 47.8 ][ 20 4 0 5 67.8 ][ 12 6 0 8 79.8 ][ 13 10 0 1 92.8 ]
Final Solution Fitness:
2122
Final Solution Schedule:
[ 6 1 17.2 15 0 ][ 3 6 14.2 1 0 ][ 13 5 1.2 13 0 ][ 12 7 0 6 10.8 ][ 12 5 0 15 22.8 ][ 13 2 0 13 35.8 ][ 12 9 0 8 47.8 ][ 12 6 0 8 59.8 ][ 20 4 0 5 79.8 ][ 13 10 0 1 92.8 ]
Final Solution Fitness:
2333.2
Final Solution Schedule:
[ 12 5 11.2 15 0 ][ 13 2 0 13 1.8 ][ 6 1 0 15 7.8 ][ 13 5 0 13 20.8 ][ 12 9 0 8 32.8 ][ 3 6 0 1 35.8 ][ 12 7 0 6 47.8 ][ 20 4 0 5 67.8 ][ 12 6 0 8 79.8 ][ 13 10 0 1 92.8 ]
Final Solution Fitness:
2122
Final Solution Schedule:
[ 13 2 10.2 13 0 ][ 6 1 4.2 15 0 ][ 12 5 0 15 7.8 ][ 12 9 0 8 19.8 ][ 13 5 0 13 32.8 ][ 20 4 0 5 52.8 ][ 12 6 0 8 64.8 ][ 3 6 0 1 67.8 ][ 13 10 0 1 80.8 ][ 12 7 0 6 92.8 ]
Final Solution Fitness:
2214.2
Final Solution Schedule:
[ 13 2 10.2 13 0 ][ 6 1 4.2 15 0 ][ 12 5 0 15 7.8 ][ 12 9 0 8 19.8 ][ 13 5 0 13 32.8 ][ 20 4 0 5 52.8 ][ 12 6 0 8 64.8 ][ 3 6 0 1 67.8 ][ 13 10 0 1 80.8 ][ 12 7 0 6 92.8 ]
Final Solution Fitness:
2214.2
Final Solution Schedule:
[ 12 5 11.2 15 0 ][ 13 2 0 13 1.8 ][ 6 1 0 15 7.8 ][ 13 5 0 13 20.8 ][ 12 9 0 8 32.8 ][ 3 6 0 1 35.8 ][ 12 7 0 6 47.8 ][ 20 4 0 5 67.8 ][ 12 6 0 8 79.8 ][ 13 10 0 1 92.8 ]
Final Solution Fitness:
2122
