Final Solution Schedule:
[ 12 6 80.8 8 0 ][ 6 1 74.8 15 0 ][ 20 4 54.8 5 0 ][ 13 2 41.8 13 0 ][ 13 5 28.8 13 0 ][ 12 5 16.8 15 0 ][ 12 7 4.8 6 0 ][ 12 9 0 8 7.2 ][ 3 6 0 1 10.2 ][ 13 10 0 1 23.2 ]
Final Solution Fitness:
1215
Final Solution Schedule:
[ 12 6 80.8 8 0 ][ 6 1 74.8 15 0 ][ 20 4 54.8 5 0 ][ 13 2 41.8 13 0 ][ 13 5 28.8 13 0 ][ 12 5 16.8 15 0 ][ 12 7 4.8 6 0 ][ 12 9 0 8 7.2 ][ 3 6 0 1 10.2 ][ 13 10 0 1 23.2 ]
Final Solution Fitness:
1215
Final Solution Schedule:
[ 12 6 80.8 8 0 ][ 6 1 74.8 15 0 ][ 20 4 54.8 5 0 ][ 13 2 41.8 13 0 ][ 13 5 28.8 13 0 ][ 12 5 16.8 15 0 ][ 12 7 4.8 6 0 ][ 12 9 0 8 7.2 ][ 3 6 0 1 10.2 ][ 13 10 0 1 23.2 ]
Final Solution Fitness:
1215
Final Solution Schedule:
[ 20 4 72.8 5 0 ][ 6 1 66.8 15 0 ][ 13 5 53.8 13 0 ][ 13 2 40.8 13 0 ][ 12 7 28.8 6 0 ][ 12 9 16.8 8 0 ][ 12 5 4.8 15 0 ][ 3 6 1.8 1 0 ][ 12 6 0 8 10.2 ][ 13 10 0 1 23.2 ]
Final Solution Fitness:
1201
Final Solution Schedule:
[ 20 4 72.8 5 0 ][ 13 2 59.8 13 0 ][ 6 1 53.8 15 0 ][ 12 7 41.8 6 0 ][ 13 5 28.8 13 0 ][ 12 5 16.8 15 0 ][ 13 10 3.8 1 0 ][ 12 9 0 8 8.2 ][ 3 6 0 1 11.2 ][ 12 6 0 8 23.2 ]
Final Solution Fitness:
1285.6
Final Solution Schedule:
[ 20 4 72.8 5 0 ][ 6 1 66.8 15 0 ][ 13 5 53.8 13 0 ][ 13 2 40.8 13 0 ][ 12 7 28.8 6 0 ][ 12 9 16.8 8 0 ][ 12 5 4.8 15 0 ][ 3 6 1.8 1 0 ][ 12 6 0 8 10.2 ][ 13 10 0 1 23.2 ]
Final Solution Fitness:
1201
Final Solution Schedule:
[ 20 4 72.8 5 0 ][ 6 1 66.8 15 0 ][ 13 5 53.8 13 0 ][ 13 2 40.8 13 0 ][ 12 7 28.8 6 0 ][ 12 9 16.8 8 0 ][ 12 5 4.8 15 0 ][ 3 6 1.8 1 0 ][ 12 6 0 8 10.2 ][ 13 10 0 1 23.2 ]
Final Solution Fitness:
1201
Final Solution Schedule:
[ 12 6 80.8 8 0 ][ 6 1 74.8 15 0 ][ 20 4 54.8 5 0 ][ 13 2 41.8 13 0 ][ 13 5 28.8 13 0 ][ 12 5 16.8 15 0 ][ 12 7 4.8 6 0 ][ 12 9 0 8 7.2 ][ 3 6 0 1 10.2 ][ 13 10 0 1 23.2 ]
Final Solution Fitness:
1215
Final Solution Schedule:
[ 20 4 72.8 5 0 ][ 13 2 59.8 13 0 ][ 12 7 47.8 6 0 ][ 6 1 41.8 15 0 ][ 13 5 28.8 13 0 ][ 3 6 25.8 1 0 ][ 12 9 13.8 8 0 ][ 12 5 1.8 15 0 ][ 12 6 0 8 10.2 ][ 13 10 0 1 23.2 ]
Final Solution Fitness:
1324
Final Solution Schedule:
[ 20 4 72.8 5 0 ][ 6 1 66.8 15 0 ][ 13 5 53.8 13 0 ][ 13 2 40.8 13 0 ][ 12 7 28.8 6 0 ][ 12 9 16.8 8 0 ][ 12 5 4.8 15 0 ][ 3 6 1.8 1 0 ][ 12 6 0 8 10.2 ][ 13 10 0 1 23.2 ]
Final Solution Fitness:
1201
