Final Solution Schedule:
[ 12 6 80.8 8 0 ][ 6 1 74.8 15 0 ][ 20 4 54.8 5 0 ][ 13 2 41.8 13 0 ][ 13 5 28.8 13 0 ][ 12 5 16.8 15 0 ][ 12 7 4.8 6 0 ][ 12 9 0 8 7.2 ][ 3 6 0 1 10.2 ][ 13 10 0 1 23.2 ]
Final Solution Fitness:
1215
Final Solution Schedule:
[ 20 4 72.8 5 0 ][ 6 1 66.8 15 0 ][ 13 5 53.8 13 0 ][ 13 2 40.8 13 0 ][ 12 7 28.8 6 0 ][ 12 9 16.8 8 0 ][ 12 5 4.8 15 0 ][ 3 6 1.8 1 0 ][ 12 6 0 8 10.2 ][ 13 10 0 1 23.2 ]
Final Solution Fitness:
1201
Final Solution Schedule:
[ 20 4 72.8 5 0 ][ 6 1 66.8 15 0 ][ 13 5 53.8 13 0 ][ 13 2 40.8 13 0 ][ 12 7 28.8 6 0 ][ 12 9 16.8 8 0 ][ 12 5 4.8 15 0 ][ 3 6 1.8 1 0 ][ 12 6 0 8 10.2 ][ 13 10 0 1 23.2 ]
Final Solution Fitness:
1201
Final Solution Schedule:
[ 6 1 86.8 15 0 ][ 20 4 66.8 5 0 ][ 13 5 53.8 13 0 ][ 12 6 41.8 8 0 ][ 12 5 29.8 15 0 ][ 12 9 17.8 8 0 ][ 13 2 4.8 13 0 ][ 12 7 0 6 7.2 ][ 13 10 0 1 20.2 ][ 3 6 0 1 23.2 ]
Final Solution Fitness:
1279.2
Final Solution Schedule:
[ 20 4 72.8 5 0 ][ 6 1 66.8 15 0 ][ 13 5 53.8 13 0 ][ 13 2 40.8 13 0 ][ 12 7 28.8 6 0 ][ 12 9 16.8 8 0 ][ 12 5 4.8 15 0 ][ 3 6 1.8 1 0 ][ 12 6 0 8 10.2 ][ 13 10 0 1 23.2 ]
Final Solution Fitness:
1201
Final Solution Schedule:
[ 12 6 80.8 8 0 ][ 6 1 74.8 15 0 ][ 20 4 54.8 5 0 ][ 13 2 41.8 13 0 ][ 13 5 28.8 13 0 ][ 12 5 16.8 15 0 ][ 12 7 4.8 6 0 ][ 12 9 0 8 7.2 ][ 3 6 0 1 10.2 ][ 13 10 0 1 23.2 ]
Final Solution Fitness:
1215
Final Solution Schedule:
[ 20 4 72.8 5 0 ][ 13 2 59.8 13 0 ][ 12 5 47.8 15 0 ][ 6 1 41.8 15 0 ][ 12 7 29.8 6 0 ][ 12 9 17.8 8 0 ][ 12 6 5.8 8 0 ][ 3 6 2.8 1 0 ][ 13 5 0 13 10.2 ][ 13 10 0 1 23.2 ]
Final Solution Fitness:
1267.8
Final Solution Schedule:
[ 12 6 80.8 8 0 ][ 6 1 74.8 15 0 ][ 20 4 54.8 5 0 ][ 13 2 41.8 13 0 ][ 13 5 28.8 13 0 ][ 12 5 16.8 15 0 ][ 12 7 4.8 6 0 ][ 12 9 0 8 7.2 ][ 3 6 0 1 10.2 ][ 13 10 0 1 23.2 ]
Final Solution Fitness:
1215
Final Solution Schedule:
[ 20 4 72.8 5 0 ][ 6 1 66.8 15 0 ][ 13 5 53.8 13 0 ][ 13 2 40.8 13 0 ][ 12 7 28.8 6 0 ][ 12 9 16.8 8 0 ][ 12 5 4.8 15 0 ][ 3 6 1.8 1 0 ][ 12 6 0 8 10.2 ][ 13 10 0 1 23.2 ]
Final Solution Fitness:
1201
Final Solution Schedule:
[ 6 1 86.8 15 0 ][ 20 4 66.8 5 0 ][ 13 5 53.8 13 0 ][ 12 6 41.8 8 0 ][ 12 5 29.8 15 0 ][ 12 9 17.8 8 0 ][ 13 2 4.8 13 0 ][ 12 7 0 6 7.2 ][ 13 10 0 1 20.2 ][ 3 6 0 1 23.2 ]
Final Solution Fitness:
1279.2
