Final Solution Schedule:
[ 3 3 83.8 9 0 ][ 12 9 71.8 4 0 ][ 19 9 52.8 12 0 ][ 1 1 51.8 6 0 ][ 7 8 44.8 12 0 ][ 7 6 37.8 8 0 ][ 5 4 32.8 4 0 ][ 18 9 14.8 7 0 ][ 3 8 11.8 4 0 ][ 14 9 0 12 2.2 ][ 2 9 0 10 4.2 ][ 5 1 0 8 9.2 ][ 18 6 0 12 27.2 ][ 11 7 0 15 38.2 ][ 17 4 0 4 55.2 ][ 18 9 0 7 73.2 ][ 14 9 0 2 87.2 ][ 18 2 0 1 105.2 ][ 6 5 0 3 111.2 ][ 19 7 0 1 130.2 ]
Final Solution Fitness:
4886.6
Final Solution Schedule:
[ 5 1 81.8 8 0 ][ 6 5 75.8 3 0 ][ 18 6 57.8 12 0 ][ 5 4 52.8 4 0 ][ 14 9 38.8 12 0 ][ 7 8 31.8 12 0 ][ 3 3 28.8 9 0 ][ 7 6 21.8 8 0 ][ 3 8 18.8 4 0 ][ 11 7 7.8 15 0 ][ 2 9 5.8 10 0 ][ 18 9 0 7 12.2 ][ 17 4 0 4 29.2 ][ 12 9 0 4 41.2 ][ 1 1 0 6 42.2 ][ 14 9 0 2 56.2 ][ 18 9 0 7 74.2 ][ 19 9 0 12 93.2 ][ 18 2 0 1 111.2 ][ 19 7 0 1 130.2 ]
Final Solution Fitness:
4708.6
Final Solution Schedule:
[ 14 9 72.8 12 0 ][ 19 9 53.8 12 0 ][ 3 3 50.8 9 0 ][ 11 7 39.8 15 0 ][ 5 1 34.8 8 0 ][ 7 6 27.8 8 0 ][ 2 9 25.8 10 0 ][ 5 4 20.8 4 0 ][ 1 1 19.8 6 0 ][ 18 6 1.8 12 0 ][ 12 9 0 4 10.2 ][ 18 9 0 7 28.2 ][ 7 8 0 12 35.2 ][ 18 9 0 7 53.2 ][ 3 8 0 4 56.2 ][ 18 2 0 1 74.2 ][ 6 5 0 3 80.2 ][ 17 4 0 4 97.2 ][ 14 9 0 2 111.2 ][ 19 7 0 1 130.2 ]
Final Solution Fitness:
4432
Final Solution Schedule:
[ 5 1 81.8 8 0 ][ 6 5 75.8 3 0 ][ 18 6 57.8 12 0 ][ 5 4 52.8 4 0 ][ 14 9 38.8 12 0 ][ 7 8 31.8 12 0 ][ 3 3 28.8 9 0 ][ 7 6 21.8 8 0 ][ 3 8 18.8 4 0 ][ 11 7 7.8 15 0 ][ 2 9 5.8 10 0 ][ 18 9 0 7 12.2 ][ 17 4 0 4 29.2 ][ 12 9 0 4 41.2 ][ 1 1 0 6 42.2 ][ 14 9 0 2 56.2 ][ 18 9 0 7 74.2 ][ 19 9 0 12 93.2 ][ 18 2 0 1 111.2 ][ 19 7 0 1 130.2 ]
Final Solution Fitness:
4708.6
Final Solution Schedule:
[ 5 1 81.8 8 0 ][ 6 5 75.8 3 0 ][ 18 6 57.8 12 0 ][ 5 4 52.8 4 0 ][ 14 9 38.8 12 0 ][ 7 8 31.8 12 0 ][ 3 3 28.8 9 0 ][ 7 6 21.8 8 0 ][ 3 8 18.8 4 0 ][ 11 7 7.8 15 0 ][ 2 9 5.8 10 0 ][ 18 9 0 7 12.2 ][ 17 4 0 4 29.2 ][ 12 9 0 4 41.2 ][ 1 1 0 6 42.2 ][ 14 9 0 2 56.2 ][ 18 9 0 7 74.2 ][ 19 9 0 12 93.2 ][ 18 2 0 1 111.2 ][ 19 7 0 1 130.2 ]
Final Solution Fitness:
4708.6
Final Solution Schedule:
[ 5 1 81.8 8 0 ][ 6 5 75.8 3 0 ][ 18 6 57.8 12 0 ][ 5 4 52.8 4 0 ][ 14 9 38.8 12 0 ][ 7 8 31.8 12 0 ][ 3 3 28.8 9 0 ][ 7 6 21.8 8 0 ][ 3 8 18.8 4 0 ][ 11 7 7.8 15 0 ][ 2 9 5.8 10 0 ][ 18 9 0 7 12.2 ][ 17 4 0 4 29.2 ][ 12 9 0 4 41.2 ][ 1 1 0 6 42.2 ][ 14 9 0 2 56.2 ][ 18 9 0 7 74.2 ][ 19 9 0 12 93.2 ][ 18 2 0 1 111.2 ][ 19 7 0 1 130.2 ]
Final Solution Fitness:
4708.6
Final Solution Schedule:
[ 5 1 81.8 8 0 ][ 6 5 75.8 3 0 ][ 18 6 57.8 12 0 ][ 5 4 52.8 4 0 ][ 14 9 38.8 12 0 ][ 7 8 31.8 12 0 ][ 3 3 28.8 9 0 ][ 7 6 21.8 8 0 ][ 3 8 18.8 4 0 ][ 11 7 7.8 15 0 ][ 2 9 5.8 10 0 ][ 18 9 0 7 12.2 ][ 17 4 0 4 29.2 ][ 12 9 0 4 41.2 ][ 1 1 0 6 42.2 ][ 14 9 0 2 56.2 ][ 18 9 0 7 74.2 ][ 19 9 0 12 93.2 ][ 18 2 0 1 111.2 ][ 19 7 0 1 130.2 ]
Final Solution Fitness:
4708.6
Final Solution Schedule:
[ 14 9 72.8 12 0 ][ 19 9 53.8 12 0 ][ 3 3 50.8 9 0 ][ 11 7 39.8 15 0 ][ 5 1 34.8 8 0 ][ 7 6 27.8 8 0 ][ 2 9 25.8 10 0 ][ 5 4 20.8 4 0 ][ 1 1 19.8 6 0 ][ 18 6 1.8 12 0 ][ 12 9 0 4 10.2 ][ 18 9 0 7 28.2 ][ 7 8 0 12 35.2 ][ 18 9 0 7 53.2 ][ 3 8 0 4 56.2 ][ 18 2 0 1 74.2 ][ 6 5 0 3 80.2 ][ 17 4 0 4 97.2 ][ 14 9 0 2 111.2 ][ 19 7 0 1 130.2 ]
Final Solution Fitness:
4432
Final Solution Schedule:
[ 5 1 81.8 8 0 ][ 6 5 75.8 3 0 ][ 18 6 57.8 12 0 ][ 5 4 52.8 4 0 ][ 14 9 38.8 12 0 ][ 7 8 31.8 12 0 ][ 3 3 28.8 9 0 ][ 7 6 21.8 8 0 ][ 3 8 18.8 4 0 ][ 11 7 7.8 15 0 ][ 2 9 5.8 10 0 ][ 18 9 0 7 12.2 ][ 17 4 0 4 29.2 ][ 12 9 0 4 41.2 ][ 1 1 0 6 42.2 ][ 14 9 0 2 56.2 ][ 18 9 0 7 74.2 ][ 19 9 0 12 93.2 ][ 18 2 0 1 111.2 ][ 19 7 0 1 130.2 ]
Final Solution Fitness:
4708.6
Final Solution Schedule:
[ 18 9 68.8 7 0 ][ 11 7 57.8 15 0 ][ 18 6 39.8 12 0 ][ 5 4 34.8 4 0 ][ 6 5 28.8 3 0 ][ 14 9 14.8 2 0 ][ 3 3 11.8 9 0 ][ 2 9 9.8 10 0 ][ 3 8 6.8 4 0 ][ 1 1 5.8 6 0 ][ 7 8 0 12 1.2 ][ 19 9 0 12 20.2 ][ 5 1 0 8 25.2 ][ 14 9 0 12 39.2 ][ 12 9 0 4 51.2 ][ 7 6 0 8 58.2 ][ 18 9 0 7 76.2 ][ 19 7 0 1 95.2 ][ 18 2 0 1 113.2 ][ 17 4 0 4 130.2 ]
Final Solution Fitness:
4724.6
