Final Solution Schedule:
[ 7 6 36.4 8 0 ][ 18 6 18.4 12 0 ][ 7 8 11.4 12 0 ][ 5 1 6.4 8 0 ][ 3 3 3.4 9 0 ][ 5 4 0 4 1.6 ][ 11 7 0 15 12.6 ][ 18 9 0 7 30.6 ][ 14 9 0 12 44.6 ][ 1 1 0 6 45.6 ][ 3 8 0 4 48.6 ][ 19 9 0 12 67.6 ][ 18 2 0 1 85.6 ][ 14 9 0 2 99.6 ][ 2 9 0 10 101.6 ][ 6 5 0 3 107.6 ][ 18 9 0 7 125.6 ][ 12 9 0 4 137.6 ][ 19 7 0 1 156.6 ][ 17 4 0 4 173.6 ]
Final Solution Fitness:
6564.8
Final Solution Schedule:
[ 3 3 40.4 9 0 ][ 12 9 28.4 4 0 ][ 19 9 9.4 12 0 ][ 1 1 8.4 6 0 ][ 7 8 1.4 12 0 ][ 7 6 0 8 5.6 ][ 5 4 0 4 10.6 ][ 18 9 0 7 28.6 ][ 3 8 0 4 31.6 ][ 14 9 0 12 45.6 ][ 2 9 0 10 47.6 ][ 5 1 0 8 52.6 ][ 18 6 0 12 70.6 ][ 11 7 0 15 81.6 ][ 17 4 0 4 98.6 ][ 18 9 0 7 116.6 ][ 14 9 0 2 130.6 ][ 18 2 0 1 148.6 ][ 6 5 0 3 154.6 ][ 19 7 0 1 173.6 ]
Final Solution Fitness:
6667.8
Final Solution Schedule:
[ 14 9 29.4 12 0 ][ 19 9 10.4 12 0 ][ 3 3 7.4 9 0 ][ 11 7 0 15 3.6 ][ 5 1 0 8 8.6 ][ 7 6 0 8 15.6 ][ 2 9 0 10 17.6 ][ 5 4 0 4 22.6 ][ 1 1 0 6 23.6 ][ 18 6 0 12 41.6 ][ 12 9 0 4 53.6 ][ 18 9 0 7 71.6 ][ 7 8 0 12 78.6 ][ 18 9 0 7 96.6 ][ 3 8 0 4 99.6 ][ 18 2 0 1 117.6 ][ 6 5 0 3 123.6 ][ 17 4 0 4 140.6 ][ 14 9 0 2 154.6 ][ 19 7 0 1 173.6 ]
Final Solution Fitness:
5802.2
Final Solution Schedule:
[ 5 1 38.4 8 0 ][ 6 5 32.4 3 0 ][ 18 6 14.4 12 0 ][ 5 4 9.4 4 0 ][ 14 9 0 12 4.6 ][ 7 8 0 12 11.6 ][ 3 3 0 9 14.6 ][ 7 6 0 8 21.6 ][ 3 8 0 4 24.6 ][ 11 7 0 15 35.6 ][ 2 9 0 10 37.6 ][ 18 9 0 7 55.6 ][ 17 4 0 4 72.6 ][ 12 9 0 4 84.6 ][ 1 1 0 6 85.6 ][ 14 9 0 2 99.6 ][ 18 9 0 7 117.6 ][ 19 9 0 12 136.6 ][ 18 2 0 1 154.6 ][ 19 7 0 1 173.6 ]
Final Solution Fitness:
6352.8
Final Solution Schedule:
[ 14 9 29.4 12 0 ][ 19 9 10.4 12 0 ][ 3 3 7.4 9 0 ][ 11 7 0 15 3.6 ][ 5 1 0 8 8.6 ][ 7 6 0 8 15.6 ][ 2 9 0 10 17.6 ][ 5 4 0 4 22.6 ][ 1 1 0 6 23.6 ][ 18 6 0 12 41.6 ][ 12 9 0 4 53.6 ][ 18 9 0 7 71.6 ][ 7 8 0 12 78.6 ][ 18 9 0 7 96.6 ][ 3 8 0 4 99.6 ][ 18 2 0 1 117.6 ][ 6 5 0 3 123.6 ][ 17 4 0 4 140.6 ][ 14 9 0 2 154.6 ][ 19 7 0 1 173.6 ]
Final Solution Fitness:
5802.2
Final Solution Schedule:
[ 7 6 36.4 8 0 ][ 18 6 18.4 12 0 ][ 7 8 11.4 12 0 ][ 5 1 6.4 8 0 ][ 3 3 3.4 9 0 ][ 5 4 0 4 1.6 ][ 11 7 0 15 12.6 ][ 18 9 0 7 30.6 ][ 14 9 0 12 44.6 ][ 1 1 0 6 45.6 ][ 3 8 0 4 48.6 ][ 19 9 0 12 67.6 ][ 18 2 0 1 85.6 ][ 14 9 0 2 99.6 ][ 2 9 0 10 101.6 ][ 6 5 0 3 107.6 ][ 18 9 0 7 125.6 ][ 12 9 0 4 137.6 ][ 19 7 0 1 156.6 ][ 17 4 0 4 173.6 ]
Final Solution Fitness:
6564.8
Final Solution Schedule:
[ 7 6 36.4 8 0 ][ 18 6 18.4 12 0 ][ 7 8 11.4 12 0 ][ 5 1 6.4 8 0 ][ 3 3 3.4 9 0 ][ 5 4 0 4 1.6 ][ 11 7 0 15 12.6 ][ 18 9 0 7 30.6 ][ 14 9 0 12 44.6 ][ 1 1 0 6 45.6 ][ 3 8 0 4 48.6 ][ 19 9 0 12 67.6 ][ 18 2 0 1 85.6 ][ 14 9 0 2 99.6 ][ 2 9 0 10 101.6 ][ 6 5 0 3 107.6 ][ 18 9 0 7 125.6 ][ 12 9 0 4 137.6 ][ 19 7 0 1 156.6 ][ 17 4 0 4 173.6 ]
Final Solution Fitness:
6564.8
Final Solution Schedule:
[ 3 3 40.4 9 0 ][ 12 9 28.4 4 0 ][ 19 9 9.4 12 0 ][ 1 1 8.4 6 0 ][ 7 8 1.4 12 0 ][ 7 6 0 8 5.6 ][ 5 4 0 4 10.6 ][ 18 9 0 7 28.6 ][ 3 8 0 4 31.6 ][ 14 9 0 12 45.6 ][ 2 9 0 10 47.6 ][ 5 1 0 8 52.6 ][ 18 6 0 12 70.6 ][ 11 7 0 15 81.6 ][ 17 4 0 4 98.6 ][ 18 9 0 7 116.6 ][ 14 9 0 2 130.6 ][ 18 2 0 1 148.6 ][ 6 5 0 3 154.6 ][ 19 7 0 1 173.6 ]
Final Solution Fitness:
6667.8
Final Solution Schedule:
[ 14 9 29.4 12 0 ][ 19 9 10.4 12 0 ][ 3 3 7.4 9 0 ][ 11 7 0 15 3.6 ][ 5 1 0 8 8.6 ][ 7 6 0 8 15.6 ][ 2 9 0 10 17.6 ][ 5 4 0 4 22.6 ][ 1 1 0 6 23.6 ][ 18 6 0 12 41.6 ][ 12 9 0 4 53.6 ][ 18 9 0 7 71.6 ][ 7 8 0 12 78.6 ][ 18 9 0 7 96.6 ][ 3 8 0 4 99.6 ][ 18 2 0 1 117.6 ][ 6 5 0 3 123.6 ][ 17 4 0 4 140.6 ][ 14 9 0 2 154.6 ][ 19 7 0 1 173.6 ]
Final Solution Fitness:
5802.2
Final Solution Schedule:
[ 3 3 40.4 9 0 ][ 12 9 28.4 4 0 ][ 19 9 9.4 12 0 ][ 1 1 8.4 6 0 ][ 7 8 1.4 12 0 ][ 7 6 0 8 5.6 ][ 5 4 0 4 10.6 ][ 18 9 0 7 28.6 ][ 3 8 0 4 31.6 ][ 14 9 0 12 45.6 ][ 2 9 0 10 47.6 ][ 5 1 0 8 52.6 ][ 18 6 0 12 70.6 ][ 11 7 0 15 81.6 ][ 17 4 0 4 98.6 ][ 18 9 0 7 116.6 ][ 14 9 0 2 130.6 ][ 18 2 0 1 148.6 ][ 6 5 0 3 154.6 ][ 19 7 0 1 173.6 ]
Final Solution Fitness:
6667.8
