Final Solution Schedule:
[ 19 9 154.6 12 0 ][ 5 1 149.6 8 0 ][ 11 7 138.6 15 0 ][ 3 3 135.6 9 0 ][ 18 6 117.6 12 0 ][ 17 4 100.6 4 0 ][ 18 2 82.6 1 0 ][ 19 7 63.6 1 0 ][ 18 9 45.6 7 0 ][ 1 1 44.6 6 0 ][ 3 8 41.6 4 0 ][ 7 6 34.6 8 0 ][ 14 9 20.6 2 0 ][ 12 9 8.6 4 0 ][ 7 8 1.6 12 0 ][ 2 9 0 10 0.4 ][ 6 5 0 3 6.4 ][ 14 9 0 12 20.4 ][ 5 4 0 4 25.4 ][ 18 9 0 7 43.4 ]
Final Solution Fitness:
6580.8
Final Solution Schedule:
[ 18 2 155.6 1 0 ][ 19 7 136.6 1 0 ][ 17 4 119.6 4 0 ][ 19 9 100.6 12 0 ][ 5 1 95.6 8 0 ][ 14 9 81.6 2 0 ][ 1 1 80.6 6 0 ][ 3 3 77.6 9 0 ][ 11 7 66.6 15 0 ][ 6 5 60.6 3 0 ][ 18 9 42.6 7 0 ][ 14 9 28.6 12 0 ][ 2 9 26.6 10 0 ][ 18 6 8.6 12 0 ][ 7 6 1.6 8 0 ][ 7 8 0 12 5.4 ][ 5 4 0 4 10.4 ][ 18 9 0 7 28.4 ][ 12 9 0 4 40.4 ][ 3 8 0 4 43.4 ]
Final Solution Fitness:
6145.6
Final Solution Schedule:
[ 18 2 155.6 1 0 ][ 19 7 136.6 1 0 ][ 17 4 119.6 4 0 ][ 19 9 100.6 12 0 ][ 5 1 95.6 8 0 ][ 14 9 81.6 2 0 ][ 1 1 80.6 6 0 ][ 3 3 77.6 9 0 ][ 11 7 66.6 15 0 ][ 6 5 60.6 3 0 ][ 18 9 42.6 7 0 ][ 14 9 28.6 12 0 ][ 2 9 26.6 10 0 ][ 18 6 8.6 12 0 ][ 7 6 1.6 8 0 ][ 7 8 0 12 5.4 ][ 5 4 0 4 10.4 ][ 18 9 0 7 28.4 ][ 12 9 0 4 40.4 ][ 3 8 0 4 43.4 ]
Final Solution Fitness:
6145.6
Final Solution Schedule:
[ 18 2 155.6 1 0 ][ 19 7 136.6 1 0 ][ 17 4 119.6 4 0 ][ 19 9 100.6 12 0 ][ 5 1 95.6 8 0 ][ 14 9 81.6 2 0 ][ 1 1 80.6 6 0 ][ 3 3 77.6 9 0 ][ 11 7 66.6 15 0 ][ 6 5 60.6 3 0 ][ 18 9 42.6 7 0 ][ 14 9 28.6 12 0 ][ 2 9 26.6 10 0 ][ 18 6 8.6 12 0 ][ 7 6 1.6 8 0 ][ 7 8 0 12 5.4 ][ 5 4 0 4 10.4 ][ 18 9 0 7 28.4 ][ 12 9 0 4 40.4 ][ 3 8 0 4 43.4 ]
Final Solution Fitness:
6145.6
Final Solution Schedule:
[ 19 9 154.6 12 0 ][ 5 1 149.6 8 0 ][ 11 7 138.6 15 0 ][ 3 3 135.6 9 0 ][ 18 6 117.6 12 0 ][ 17 4 100.6 4 0 ][ 18 2 82.6 1 0 ][ 19 7 63.6 1 0 ][ 18 9 45.6 7 0 ][ 1 1 44.6 6 0 ][ 3 8 41.6 4 0 ][ 7 6 34.6 8 0 ][ 14 9 20.6 2 0 ][ 12 9 8.6 4 0 ][ 7 8 1.6 12 0 ][ 2 9 0 10 0.4 ][ 6 5 0 3 6.4 ][ 14 9 0 12 20.4 ][ 5 4 0 4 25.4 ][ 18 9 0 7 43.4 ]
Final Solution Fitness:
6580.8
Final Solution Schedule:
[ 19 9 154.6 12 0 ][ 5 1 149.6 8 0 ][ 11 7 138.6 15 0 ][ 3 3 135.6 9 0 ][ 18 6 117.6 12 0 ][ 17 4 100.6 4 0 ][ 18 2 82.6 1 0 ][ 19 7 63.6 1 0 ][ 18 9 45.6 7 0 ][ 1 1 44.6 6 0 ][ 3 8 41.6 4 0 ][ 7 6 34.6 8 0 ][ 14 9 20.6 2 0 ][ 12 9 8.6 4 0 ][ 7 8 1.6 12 0 ][ 2 9 0 10 0.4 ][ 6 5 0 3 6.4 ][ 14 9 0 12 20.4 ][ 5 4 0 4 25.4 ][ 18 9 0 7 43.4 ]
Final Solution Fitness:
6580.8
Final Solution Schedule:
[ 17 4 156.6 4 0 ][ 18 6 138.6 12 0 ][ 11 7 127.6 15 0 ][ 18 2 109.6 1 0 ][ 7 8 102.6 12 0 ][ 19 7 83.6 1 0 ][ 2 9 81.6 10 0 ][ 14 9 67.6 2 0 ][ 18 9 49.6 7 0 ][ 14 9 35.6 12 0 ][ 19 9 16.6 12 0 ][ 3 8 13.6 4 0 ][ 1 1 12.6 6 0 ][ 7 6 5.6 8 0 ][ 5 1 0.6 8 0 ][ 5 4 0 4 4.4 ][ 3 3 0 9 7.4 ][ 6 5 0 3 13.4 ][ 12 9 0 4 25.4 ][ 18 9 0 7 43.4 ]
Final Solution Fitness:
6920.8
Final Solution Schedule:
[ 18 2 155.6 1 0 ][ 19 7 136.6 1 0 ][ 17 4 119.6 4 0 ][ 19 9 100.6 12 0 ][ 5 1 95.6 8 0 ][ 14 9 81.6 2 0 ][ 1 1 80.6 6 0 ][ 3 3 77.6 9 0 ][ 11 7 66.6 15 0 ][ 6 5 60.6 3 0 ][ 18 9 42.6 7 0 ][ 14 9 28.6 12 0 ][ 2 9 26.6 10 0 ][ 18 6 8.6 12 0 ][ 7 6 1.6 8 0 ][ 7 8 0 12 5.4 ][ 5 4 0 4 10.4 ][ 18 9 0 7 28.4 ][ 12 9 0 4 40.4 ][ 3 8 0 4 43.4 ]
Final Solution Fitness:
6145.6
Final Solution Schedule:
[ 19 9 154.6 12 0 ][ 5 1 149.6 8 0 ][ 11 7 138.6 15 0 ][ 3 3 135.6 9 0 ][ 18 6 117.6 12 0 ][ 17 4 100.6 4 0 ][ 18 2 82.6 1 0 ][ 19 7 63.6 1 0 ][ 18 9 45.6 7 0 ][ 1 1 44.6 6 0 ][ 3 8 41.6 4 0 ][ 7 6 34.6 8 0 ][ 14 9 20.6 2 0 ][ 12 9 8.6 4 0 ][ 7 8 1.6 12 0 ][ 2 9 0 10 0.4 ][ 6 5 0 3 6.4 ][ 14 9 0 12 20.4 ][ 5 4 0 4 25.4 ][ 18 9 0 7 43.4 ]
Final Solution Fitness:
6580.8
Final Solution Schedule:
[ 19 9 154.6 12 0 ][ 5 1 149.6 8 0 ][ 11 7 138.6 15 0 ][ 3 3 135.6 9 0 ][ 18 6 117.6 12 0 ][ 17 4 100.6 4 0 ][ 18 2 82.6 1 0 ][ 19 7 63.6 1 0 ][ 18 9 45.6 7 0 ][ 1 1 44.6 6 0 ][ 3 8 41.6 4 0 ][ 7 6 34.6 8 0 ][ 14 9 20.6 2 0 ][ 12 9 8.6 4 0 ][ 7 8 1.6 12 0 ][ 2 9 0 10 0.4 ][ 6 5 0 3 6.4 ][ 14 9 0 12 20.4 ][ 5 4 0 4 25.4 ][ 18 9 0 7 43.4 ]
Final Solution Fitness:
6580.8
