Final Solution Schedule:
[ 5 1 125.2 8 0 ][ 18 2 107.2 1 0 ][ 6 5 101.2 3 0 ][ 19 9 82.2 12 0 ][ 3 3 79.2 9 0 ][ 18 6 61.2 12 0 ][ 3 8 58.2 4 0 ][ 5 4 53.2 4 0 ][ 17 4 36.2 4 0 ][ 18 9 18.2 7 0 ][ 7 8 11.2 12 0 ][ 11 7 0.2 15 0 ][ 18 9 0 7 17.8 ][ 2 9 0 10 19.8 ][ 7 6 0 8 26.8 ][ 1 1 0 6 27.8 ][ 14 9 0 12 41.8 ][ 12 9 0 4 53.8 ][ 19 7 0 1 72.8 ][ 14 9 0 2 86.8 ]
Final Solution Fitness:
4935.2
Final Solution Schedule:
[ 5 1 125.2 8 0 ][ 18 2 107.2 1 0 ][ 6 5 101.2 3 0 ][ 19 9 82.2 12 0 ][ 3 3 79.2 9 0 ][ 18 6 61.2 12 0 ][ 3 8 58.2 4 0 ][ 5 4 53.2 4 0 ][ 17 4 36.2 4 0 ][ 18 9 18.2 7 0 ][ 7 8 11.2 12 0 ][ 11 7 0.2 15 0 ][ 18 9 0 7 17.8 ][ 2 9 0 10 19.8 ][ 7 6 0 8 26.8 ][ 1 1 0 6 27.8 ][ 14 9 0 12 41.8 ][ 12 9 0 4 53.8 ][ 19 7 0 1 72.8 ][ 14 9 0 2 86.8 ]
Final Solution Fitness:
4935.2
Final Solution Schedule:
[ 18 2 112.2 1 0 ][ 3 3 109.2 9 0 ][ 7 8 102.2 12 0 ][ 17 4 85.2 4 0 ][ 18 6 67.2 12 0 ][ 7 6 60.2 8 0 ][ 5 1 55.2 8 0 ][ 14 9 41.2 12 0 ][ 11 7 30.2 15 0 ][ 1 1 29.2 6 0 ][ 12 9 17.2 4 0 ][ 18 9 0 7 0.8 ][ 14 9 0 2 14.8 ][ 2 9 0 10 16.8 ][ 3 8 0 4 19.8 ][ 6 5 0 3 25.8 ][ 5 4 0 4 30.8 ][ 18 9 0 7 48.8 ][ 19 7 0 1 67.8 ][ 19 9 0 12 86.8 ]
Final Solution Fitness:
5230.2
Final Solution Schedule:
[ 5 1 125.2 8 0 ][ 18 2 107.2 1 0 ][ 6 5 101.2 3 0 ][ 19 9 82.2 12 0 ][ 3 3 79.2 9 0 ][ 18 6 61.2 12 0 ][ 3 8 58.2 4 0 ][ 5 4 53.2 4 0 ][ 17 4 36.2 4 0 ][ 18 9 18.2 7 0 ][ 7 8 11.2 12 0 ][ 11 7 0.2 15 0 ][ 18 9 0 7 17.8 ][ 2 9 0 10 19.8 ][ 7 6 0 8 26.8 ][ 1 1 0 6 27.8 ][ 14 9 0 12 41.8 ][ 12 9 0 4 53.8 ][ 19 7 0 1 72.8 ][ 14 9 0 2 86.8 ]
Final Solution Fitness:
4935.2
Final Solution Schedule:
[ 5 1 125.2 8 0 ][ 18 2 107.2 1 0 ][ 6 5 101.2 3 0 ][ 19 9 82.2 12 0 ][ 3 3 79.2 9 0 ][ 18 6 61.2 12 0 ][ 3 8 58.2 4 0 ][ 5 4 53.2 4 0 ][ 17 4 36.2 4 0 ][ 18 9 18.2 7 0 ][ 7 8 11.2 12 0 ][ 11 7 0.2 15 0 ][ 18 9 0 7 17.8 ][ 2 9 0 10 19.8 ][ 7 6 0 8 26.8 ][ 1 1 0 6 27.8 ][ 14 9 0 12 41.8 ][ 12 9 0 4 53.8 ][ 19 7 0 1 72.8 ][ 14 9 0 2 86.8 ]
Final Solution Fitness:
4935.2
Final Solution Schedule:
[ 5 1 125.2 8 0 ][ 18 2 107.2 1 0 ][ 6 5 101.2 3 0 ][ 19 9 82.2 12 0 ][ 3 3 79.2 9 0 ][ 18 6 61.2 12 0 ][ 3 8 58.2 4 0 ][ 5 4 53.2 4 0 ][ 17 4 36.2 4 0 ][ 18 9 18.2 7 0 ][ 7 8 11.2 12 0 ][ 11 7 0.2 15 0 ][ 18 9 0 7 17.8 ][ 2 9 0 10 19.8 ][ 7 6 0 8 26.8 ][ 1 1 0 6 27.8 ][ 14 9 0 12 41.8 ][ 12 9 0 4 53.8 ][ 19 7 0 1 72.8 ][ 14 9 0 2 86.8 ]
Final Solution Fitness:
4935.2
Final Solution Schedule:
[ 5 1 125.2 8 0 ][ 18 2 107.2 1 0 ][ 6 5 101.2 3 0 ][ 19 9 82.2 12 0 ][ 3 3 79.2 9 0 ][ 18 6 61.2 12 0 ][ 3 8 58.2 4 0 ][ 5 4 53.2 4 0 ][ 17 4 36.2 4 0 ][ 18 9 18.2 7 0 ][ 7 8 11.2 12 0 ][ 11 7 0.2 15 0 ][ 18 9 0 7 17.8 ][ 2 9 0 10 19.8 ][ 7 6 0 8 26.8 ][ 1 1 0 6 27.8 ][ 14 9 0 12 41.8 ][ 12 9 0 4 53.8 ][ 19 7 0 1 72.8 ][ 14 9 0 2 86.8 ]
Final Solution Fitness:
4935.2
Final Solution Schedule:
[ 5 1 125.2 8 0 ][ 18 2 107.2 1 0 ][ 6 5 101.2 3 0 ][ 19 9 82.2 12 0 ][ 3 3 79.2 9 0 ][ 18 6 61.2 12 0 ][ 3 8 58.2 4 0 ][ 5 4 53.2 4 0 ][ 17 4 36.2 4 0 ][ 18 9 18.2 7 0 ][ 7 8 11.2 12 0 ][ 11 7 0.2 15 0 ][ 18 9 0 7 17.8 ][ 2 9 0 10 19.8 ][ 7 6 0 8 26.8 ][ 1 1 0 6 27.8 ][ 14 9 0 12 41.8 ][ 12 9 0 4 53.8 ][ 19 7 0 1 72.8 ][ 14 9 0 2 86.8 ]
Final Solution Fitness:
4935.2
Final Solution Schedule:
[ 5 1 125.2 8 0 ][ 18 2 107.2 1 0 ][ 6 5 101.2 3 0 ][ 19 9 82.2 12 0 ][ 3 3 79.2 9 0 ][ 18 6 61.2 12 0 ][ 3 8 58.2 4 0 ][ 5 4 53.2 4 0 ][ 17 4 36.2 4 0 ][ 18 9 18.2 7 0 ][ 7 8 11.2 12 0 ][ 11 7 0.2 15 0 ][ 18 9 0 7 17.8 ][ 2 9 0 10 19.8 ][ 7 6 0 8 26.8 ][ 1 1 0 6 27.8 ][ 14 9 0 12 41.8 ][ 12 9 0 4 53.8 ][ 19 7 0 1 72.8 ][ 14 9 0 2 86.8 ]
Final Solution Fitness:
4935.2
Final Solution Schedule:
[ 5 1 125.2 8 0 ][ 18 2 107.2 1 0 ][ 6 5 101.2 3 0 ][ 19 9 82.2 12 0 ][ 3 3 79.2 9 0 ][ 18 6 61.2 12 0 ][ 3 8 58.2 4 0 ][ 5 4 53.2 4 0 ][ 17 4 36.2 4 0 ][ 18 9 18.2 7 0 ][ 7 8 11.2 12 0 ][ 11 7 0.2 15 0 ][ 18 9 0 7 17.8 ][ 2 9 0 10 19.8 ][ 7 6 0 8 26.8 ][ 1 1 0 6 27.8 ][ 14 9 0 12 41.8 ][ 12 9 0 4 53.8 ][ 19 7 0 1 72.8 ][ 14 9 0 2 86.8 ]
Final Solution Fitness:
4935.2
