Final Solution Schedule:
[ 18 2 155.6 1 0 ][ 19 7 136.6 1 0 ][ 17 4 119.6 4 0 ][ 19 9 100.6 12 0 ][ 5 1 95.6 8 0 ][ 14 9 81.6 2 0 ][ 1 1 80.6 6 0 ][ 3 3 77.6 9 0 ][ 11 7 66.6 15 0 ][ 6 5 60.6 3 0 ][ 18 9 42.6 7 0 ][ 14 9 28.6 12 0 ][ 2 9 26.6 10 0 ][ 18 6 8.6 12 0 ][ 7 6 1.6 8 0 ][ 7 8 0 12 5.4 ][ 5 4 0 4 10.4 ][ 18 9 0 7 28.4 ][ 12 9 0 4 40.4 ][ 3 8 0 4 43.4 ]
Final Solution Fitness:
6145.6
Final Solution Schedule:
[ 18 2 155.6 1 0 ][ 19 7 136.6 1 0 ][ 17 4 119.6 4 0 ][ 19 9 100.6 12 0 ][ 5 1 95.6 8 0 ][ 14 9 81.6 2 0 ][ 1 1 80.6 6 0 ][ 3 3 77.6 9 0 ][ 11 7 66.6 15 0 ][ 6 5 60.6 3 0 ][ 18 9 42.6 7 0 ][ 14 9 28.6 12 0 ][ 2 9 26.6 10 0 ][ 18 6 8.6 12 0 ][ 7 6 1.6 8 0 ][ 7 8 0 12 5.4 ][ 5 4 0 4 10.4 ][ 18 9 0 7 28.4 ][ 12 9 0 4 40.4 ][ 3 8 0 4 43.4 ]
Final Solution Fitness:
6145.6
Final Solution Schedule:
[ 18 2 155.6 1 0 ][ 19 7 136.6 1 0 ][ 17 4 119.6 4 0 ][ 19 9 100.6 12 0 ][ 5 1 95.6 8 0 ][ 14 9 81.6 2 0 ][ 1 1 80.6 6 0 ][ 3 3 77.6 9 0 ][ 11 7 66.6 15 0 ][ 6 5 60.6 3 0 ][ 18 9 42.6 7 0 ][ 14 9 28.6 12 0 ][ 2 9 26.6 10 0 ][ 18 6 8.6 12 0 ][ 7 6 1.6 8 0 ][ 7 8 0 12 5.4 ][ 5 4 0 4 10.4 ][ 18 9 0 7 28.4 ][ 12 9 0 4 40.4 ][ 3 8 0 4 43.4 ]
Final Solution Fitness:
6145.6
Final Solution Schedule:
[ 18 2 155.6 1 0 ][ 19 7 136.6 1 0 ][ 17 4 119.6 4 0 ][ 19 9 100.6 12 0 ][ 5 1 95.6 8 0 ][ 14 9 81.6 2 0 ][ 1 1 80.6 6 0 ][ 3 3 77.6 9 0 ][ 11 7 66.6 15 0 ][ 6 5 60.6 3 0 ][ 18 9 42.6 7 0 ][ 14 9 28.6 12 0 ][ 2 9 26.6 10 0 ][ 18 6 8.6 12 0 ][ 7 6 1.6 8 0 ][ 7 8 0 12 5.4 ][ 5 4 0 4 10.4 ][ 18 9 0 7 28.4 ][ 12 9 0 4 40.4 ][ 3 8 0 4 43.4 ]
Final Solution Fitness:
6145.6
Final Solution Schedule:
[ 19 9 154.6 12 0 ][ 5 1 149.6 8 0 ][ 11 7 138.6 15 0 ][ 3 3 135.6 9 0 ][ 18 6 117.6 12 0 ][ 17 4 100.6 4 0 ][ 18 2 82.6 1 0 ][ 19 7 63.6 1 0 ][ 18 9 45.6 7 0 ][ 1 1 44.6 6 0 ][ 3 8 41.6 4 0 ][ 7 6 34.6 8 0 ][ 14 9 20.6 2 0 ][ 12 9 8.6 4 0 ][ 7 8 1.6 12 0 ][ 2 9 0 10 0.4 ][ 6 5 0 3 6.4 ][ 14 9 0 12 20.4 ][ 5 4 0 4 25.4 ][ 18 9 0 7 43.4 ]
Final Solution Fitness:
6580.8
Final Solution Schedule:
[ 11 7 162.6 15 0 ][ 5 1 157.6 8 0 ][ 18 9 139.6 7 0 ][ 18 2 121.6 1 0 ][ 17 4 104.6 4 0 ][ 18 9 86.6 7 0 ][ 14 9 72.6 12 0 ][ 14 9 58.6 2 0 ][ 19 9 39.6 12 0 ][ 3 8 36.6 4 0 ][ 3 3 33.6 9 0 ][ 7 6 26.6 8 0 ][ 5 4 21.6 4 0 ][ 2 9 19.6 10 0 ][ 1 1 18.6 6 0 ][ 18 6 0.6 12 0 ][ 7 8 0 12 6.4 ][ 6 5 0 3 12.4 ][ 12 9 0 4 24.4 ][ 19 7 0 1 43.4 ]
Final Solution Fitness:
6623.6
Final Solution Schedule:
[ 18 6 155.6 12 0 ][ 7 6 148.6 8 0 ][ 18 2 130.6 1 0 ][ 11 7 119.6 15 0 ][ 3 3 116.6 9 0 ][ 17 4 99.6 4 0 ][ 19 7 80.6 1 0 ][ 18 9 62.6 7 0 ][ 2 9 60.6 10 0 ][ 5 4 55.6 4 0 ][ 19 9 36.6 12 0 ][ 6 5 30.6 3 0 ][ 5 1 25.6 8 0 ][ 7 8 18.6 12 0 ][ 1 1 17.6 6 0 ][ 12 9 5.6 4 0 ][ 14 9 0 12 8.4 ][ 3 8 0 4 11.4 ][ 14 9 0 2 25.4 ][ 18 9 0 7 43.4 ]
Final Solution Fitness:
6793
Final Solution Schedule:
[ 18 2 155.6 1 0 ][ 19 7 136.6 1 0 ][ 17 4 119.6 4 0 ][ 19 9 100.6 12 0 ][ 5 1 95.6 8 0 ][ 14 9 81.6 2 0 ][ 1 1 80.6 6 0 ][ 3 3 77.6 9 0 ][ 11 7 66.6 15 0 ][ 6 5 60.6 3 0 ][ 18 9 42.6 7 0 ][ 14 9 28.6 12 0 ][ 2 9 26.6 10 0 ][ 18 6 8.6 12 0 ][ 7 6 1.6 8 0 ][ 7 8 0 12 5.4 ][ 5 4 0 4 10.4 ][ 18 9 0 7 28.4 ][ 12 9 0 4 40.4 ][ 3 8 0 4 43.4 ]
Final Solution Fitness:
6145.6
Final Solution Schedule:
[ 18 2 155.6 1 0 ][ 19 7 136.6 1 0 ][ 17 4 119.6 4 0 ][ 19 9 100.6 12 0 ][ 5 1 95.6 8 0 ][ 14 9 81.6 2 0 ][ 1 1 80.6 6 0 ][ 3 3 77.6 9 0 ][ 11 7 66.6 15 0 ][ 6 5 60.6 3 0 ][ 18 9 42.6 7 0 ][ 14 9 28.6 12 0 ][ 2 9 26.6 10 0 ][ 18 6 8.6 12 0 ][ 7 6 1.6 8 0 ][ 7 8 0 12 5.4 ][ 5 4 0 4 10.4 ][ 18 9 0 7 28.4 ][ 12 9 0 4 40.4 ][ 3 8 0 4 43.4 ]
Final Solution Fitness:
6145.6
Final Solution Schedule:
[ 11 7 162.6 15 0 ][ 5 1 157.6 8 0 ][ 18 9 139.6 7 0 ][ 18 2 121.6 1 0 ][ 17 4 104.6 4 0 ][ 18 9 86.6 7 0 ][ 14 9 72.6 12 0 ][ 14 9 58.6 2 0 ][ 19 9 39.6 12 0 ][ 3 8 36.6 4 0 ][ 3 3 33.6 9 0 ][ 7 6 26.6 8 0 ][ 5 4 21.6 4 0 ][ 2 9 19.6 10 0 ][ 1 1 18.6 6 0 ][ 18 6 0.6 12 0 ][ 7 8 0 12 6.4 ][ 6 5 0 3 12.4 ][ 12 9 0 4 24.4 ][ 19 7 0 1 43.4 ]
Final Solution Fitness:
6623.6
