Final Solution Schedule:
[ 6 3 103.8 13 0 ][ 8 1 95.8 7 0 ][ 18 1 77.8 12 0 ][ 4 3 73.8 2 0 ][ 1 6 72.8 9 0 ][ 5 3 67.8 7 0 ][ 16 4 51.8 10 0 ][ 17 5 34.8 2 0 ][ 1 8 33.8 14 0 ][ 6 6 27.8 15 0 ][ 8 6 19.8 6 0 ][ 17 3 2.8 10 0 ][ 10 4 0 7 7.2 ][ 6 6 0 4 13.2 ][ 14 4 0 13 27.2 ][ 4 6 0 5 31.2 ][ 3 9 0 7 34.2 ][ 9 3 0 9 43.2 ][ 17 5 0 11 60.2 ][ 6 7 0 12 66.2 ][ 6 7 0 4 72.2 ][ 20 7 0 9 92.2 ][ 5 4 0 9 97.2 ][ 4 2 0 12 101.2 ][ 4 9 0 8 105.2 ][ 6 8 0 9 111.2 ][ 15 5 0 7 126.2 ][ 12 1 0 4 138.2 ][ 3 2 0 13 141.2 ][ 19 5 0 12 160.2 ][ 8 2 0 10 168.2 ][ 20 7 0 9 188.2 ][ 19 6 0 3 207.2 ][ 20 2 0 7 227.2 ][ 19 6 0 13 246.2 ][ 3 6 0 12 249.2 ][ 14 1 0 11 263.2 ][ 10 1 0 6 273.2 ][ 20 7 0 10 293.2 ][ 16 9 0 10 309.2 ][ 3 5 0 11 312.2 ][ 6 8 0 2 318.2 ][ 19 8 0 9 337.2 ][ 11 4 0 14 348.2 ][ 18 10 0 8 366.2 ][ 16 4 0 5 382.2 ][ 18 4 0 14 400.2 ][ 11 10 0 5 411.2 ][ 14 3 0 4 425.2 ][ 14 10 0 1 439.2 ]
Final Solution Fitness:
64191
Final Solution Schedule:
[ 4 6 105.8 5 0 ][ 4 3 101.8 2 0 ][ 19 5 82.8 12 0 ][ 3 6 79.8 12 0 ][ 18 1 61.8 12 0 ][ 5 3 56.8 7 0 ][ 6 7 50.8 12 0 ][ 14 4 36.8 13 0 ][ 17 5 19.8 2 0 ][ 6 6 13.8 15 0 ][ 16 9 0 10 2.2 ][ 4 2 0 12 6.2 ][ 1 8 0 14 7.2 ][ 9 3 0 9 16.2 ][ 3 5 0 11 19.2 ][ 16 4 0 10 35.2 ][ 8 1 0 7 43.2 ][ 11 4 0 14 54.2 ][ 6 3 0 13 60.2 ][ 1 6 0 9 61.2 ][ 18 10 0 8 79.2 ][ 15 5 0 7 94.2 ][ 6 8 0 9 100.2 ][ 16 4 0 5 116.2 ][ 3 2 0 13 119.2 ][ 17 3 0 10 136.2 ][ 14 1 0 11 150.2 ][ 3 9 0 7 153.2 ][ 20 7 0 10 173.2 ][ 20 7 0 9 193.2 ][ 14 3 0 4 207.2 ][ 11 10 0 5 218.2 ][ 10 1 0 6 228.2 ][ 6 8 0 2 234.2 ][ 19 8 0 9 253.2 ][ 20 2 0 7 273.2 ][ 19 6 0 13 292.2 ][ 10 4 0 7 302.2 ][ 6 6 0 4 308.2 ][ 5 4 0 9 313.2 ][ 20 7 0 9 333.2 ][ 12 1 0 4 345.2 ][ 4 9 0 8 349.2 ][ 18 4 0 14 367.2 ][ 19 6 0 3 386.2 ][ 17 5 0 11 403.2 ][ 6 7 0 4 409.2 ][ 14 10 0 1 423.2 ][ 8 6 0 6 431.2 ][ 8 2 0 10 439.2 ]
Final Solution Fitness:
62794.6
Final Solution Schedule:
[ 4 6 105.8 5 0 ][ 4 3 101.8 2 0 ][ 19 5 82.8 12 0 ][ 3 6 79.8 12 0 ][ 18 1 61.8 12 0 ][ 5 3 56.8 7 0 ][ 6 7 50.8 12 0 ][ 14 4 36.8 13 0 ][ 17 5 19.8 2 0 ][ 6 6 13.8 15 0 ][ 16 9 0 10 2.2 ][ 4 2 0 12 6.2 ][ 1 8 0 14 7.2 ][ 9 3 0 9 16.2 ][ 3 5 0 11 19.2 ][ 16 4 0 10 35.2 ][ 8 1 0 7 43.2 ][ 11 4 0 14 54.2 ][ 6 3 0 13 60.2 ][ 1 6 0 9 61.2 ][ 18 10 0 8 79.2 ][ 15 5 0 7 94.2 ][ 6 8 0 9 100.2 ][ 16 4 0 5 116.2 ][ 3 2 0 13 119.2 ][ 17 3 0 10 136.2 ][ 14 1 0 11 150.2 ][ 3 9 0 7 153.2 ][ 20 7 0 10 173.2 ][ 20 7 0 9 193.2 ][ 14 3 0 4 207.2 ][ 11 10 0 5 218.2 ][ 10 1 0 6 228.2 ][ 6 8 0 2 234.2 ][ 19 8 0 9 253.2 ][ 20 2 0 7 273.2 ][ 19 6 0 13 292.2 ][ 10 4 0 7 302.2 ][ 6 6 0 4 308.2 ][ 5 4 0 9 313.2 ][ 20 7 0 9 333.2 ][ 12 1 0 4 345.2 ][ 4 9 0 8 349.2 ][ 18 4 0 14 367.2 ][ 19 6 0 3 386.2 ][ 17 5 0 11 403.2 ][ 6 7 0 4 409.2 ][ 14 10 0 1 423.2 ][ 8 6 0 6 431.2 ][ 8 2 0 10 439.2 ]
Final Solution Fitness:
62794.6
Final Solution Schedule:
[ 4 6 105.8 5 0 ][ 4 3 101.8 2 0 ][ 19 5 82.8 12 0 ][ 3 6 79.8 12 0 ][ 18 1 61.8 12 0 ][ 5 3 56.8 7 0 ][ 6 7 50.8 12 0 ][ 14 4 36.8 13 0 ][ 17 5 19.8 2 0 ][ 6 6 13.8 15 0 ][ 16 9 0 10 2.2 ][ 4 2 0 12 6.2 ][ 1 8 0 14 7.2 ][ 9 3 0 9 16.2 ][ 3 5 0 11 19.2 ][ 16 4 0 10 35.2 ][ 8 1 0 7 43.2 ][ 11 4 0 14 54.2 ][ 6 3 0 13 60.2 ][ 1 6 0 9 61.2 ][ 18 10 0 8 79.2 ][ 15 5 0 7 94.2 ][ 6 8 0 9 100.2 ][ 16 4 0 5 116.2 ][ 3 2 0 13 119.2 ][ 17 3 0 10 136.2 ][ 14 1 0 11 150.2 ][ 3 9 0 7 153.2 ][ 20 7 0 10 173.2 ][ 20 7 0 9 193.2 ][ 14 3 0 4 207.2 ][ 11 10 0 5 218.2 ][ 10 1 0 6 228.2 ][ 6 8 0 2 234.2 ][ 19 8 0 9 253.2 ][ 20 2 0 7 273.2 ][ 19 6 0 13 292.2 ][ 10 4 0 7 302.2 ][ 6 6 0 4 308.2 ][ 5 4 0 9 313.2 ][ 20 7 0 9 333.2 ][ 12 1 0 4 345.2 ][ 4 9 0 8 349.2 ][ 18 4 0 14 367.2 ][ 19 6 0 3 386.2 ][ 17 5 0 11 403.2 ][ 6 7 0 4 409.2 ][ 14 10 0 1 423.2 ][ 8 6 0 6 431.2 ][ 8 2 0 10 439.2 ]
Final Solution Fitness:
62794.6
Final Solution Schedule:
[ 16 9 93.8 10 0 ][ 4 2 89.8 12 0 ][ 19 6 70.8 13 0 ][ 18 4 52.8 14 0 ][ 8 2 44.8 10 0 ][ 5 3 39.8 7 0 ][ 3 2 36.8 13 0 ][ 19 8 17.8 9 0 ][ 6 7 11.8 4 0 ][ 20 7 0 9 8.2 ][ 5 4 0 9 13.2 ][ 3 5 0 11 16.2 ][ 1 8 0 14 17.2 ][ 3 6 0 12 20.2 ][ 3 9 0 7 23.2 ][ 11 4 0 14 34.2 ][ 10 1 0 6 44.2 ][ 18 10 0 8 62.2 ][ 14 4 0 13 76.2 ][ 6 7 0 12 82.2 ][ 6 6 0 4 88.2 ][ 6 8 0 2 94.2 ][ 6 3 0 13 100.2 ][ 17 5 0 11 117.2 ][ 15 5 0 7 132.2 ][ 17 3 0 10 149.2 ][ 20 7 0 10 169.2 ][ 4 9 0 8 173.2 ][ 6 8 0 9 179.2 ][ 20 7 0 9 199.2 ][ 1 6 0 9 200.2 ][ 17 5 0 2 217.2 ][ 11 10 0 5 228.2 ][ 18 1 0 12 246.2 ][ 20 2 0 7 266.2 ][ 16 4 0 10 282.2 ][ 12 1 0 4 294.2 ][ 10 4 0 7 304.2 ][ 8 6 0 6 312.2 ][ 14 3 0 4 326.2 ][ 4 3 0 2 330.2 ][ 9 3 0 9 339.2 ][ 14 10 0 1 353.2 ][ 19 5 0 12 372.2 ][ 14 1 0 11 386.2 ][ 6 6 0 15 392.2 ][ 19 6 0 3 411.2 ][ 8 1 0 7 419.2 ][ 16 4 0 5 435.2 ][ 4 6 0 5 439.2 ]
Final Solution Fitness:
63141.2
Final Solution Schedule:
[ 6 3 103.8 13 0 ][ 5 3 98.8 7 0 ][ 1 6 97.8 9 0 ][ 17 3 80.8 10 0 ][ 20 7 60.8 9 0 ][ 1 8 59.8 14 0 ][ 8 2 51.8 10 0 ][ 4 2 47.8 12 0 ][ 19 6 28.8 3 0 ][ 18 4 10.8 14 0 ][ 4 6 6.8 5 0 ][ 3 9 3.8 7 0 ][ 19 5 0 12 15.2 ][ 4 9 0 8 19.2 ][ 6 6 0 15 25.2 ][ 5 4 0 9 30.2 ][ 8 1 0 7 38.2 ][ 19 6 0 13 57.2 ][ 16 9 0 10 73.2 ][ 6 8 0 9 79.2 ][ 14 1 0 11 93.2 ][ 18 1 0 12 111.2 ][ 6 7 0 4 117.2 ][ 17 5 0 11 134.2 ][ 15 5 0 7 149.2 ][ 20 2 0 7 169.2 ][ 3 5 0 11 172.2 ][ 14 3 0 4 186.2 ][ 6 8 0 2 192.2 ][ 10 1 0 6 202.2 ][ 14 4 0 13 216.2 ][ 16 4 0 5 232.2 ][ 6 7 0 12 238.2 ][ 3 2 0 13 241.2 ][ 8 6 0 6 249.2 ][ 16 4 0 10 265.2 ][ 18 10 0 8 283.2 ][ 9 3 0 9 292.2 ][ 20 7 0 10 312.2 ][ 10 4 0 7 322.2 ][ 19 8 0 9 341.2 ][ 11 4 0 14 352.2 ][ 3 6 0 12 355.2 ][ 4 3 0 2 359.2 ][ 11 10 0 5 370.2 ][ 14 10 0 1 384.2 ][ 20 7 0 9 404.2 ][ 17 5 0 2 421.2 ][ 12 1 0 4 433.2 ][ 6 6 0 4 439.2 ]
Final Solution Fitness:
64615.8
Final Solution Schedule:
[ 4 6 105.8 5 0 ][ 4 3 101.8 2 0 ][ 19 5 82.8 12 0 ][ 3 6 79.8 12 0 ][ 18 1 61.8 12 0 ][ 5 3 56.8 7 0 ][ 6 7 50.8 12 0 ][ 14 4 36.8 13 0 ][ 17 5 19.8 2 0 ][ 6 6 13.8 15 0 ][ 16 9 0 10 2.2 ][ 4 2 0 12 6.2 ][ 1 8 0 14 7.2 ][ 9 3 0 9 16.2 ][ 3 5 0 11 19.2 ][ 16 4 0 10 35.2 ][ 8 1 0 7 43.2 ][ 11 4 0 14 54.2 ][ 6 3 0 13 60.2 ][ 1 6 0 9 61.2 ][ 18 10 0 8 79.2 ][ 15 5 0 7 94.2 ][ 6 8 0 9 100.2 ][ 16 4 0 5 116.2 ][ 3 2 0 13 119.2 ][ 17 3 0 10 136.2 ][ 14 1 0 11 150.2 ][ 3 9 0 7 153.2 ][ 20 7 0 10 173.2 ][ 20 7 0 9 193.2 ][ 14 3 0 4 207.2 ][ 11 10 0 5 218.2 ][ 10 1 0 6 228.2 ][ 6 8 0 2 234.2 ][ 19 8 0 9 253.2 ][ 20 2 0 7 273.2 ][ 19 6 0 13 292.2 ][ 10 4 0 7 302.2 ][ 6 6 0 4 308.2 ][ 5 4 0 9 313.2 ][ 20 7 0 9 333.2 ][ 12 1 0 4 345.2 ][ 4 9 0 8 349.2 ][ 18 4 0 14 367.2 ][ 19 6 0 3 386.2 ][ 17 5 0 11 403.2 ][ 6 7 0 4 409.2 ][ 14 10 0 1 423.2 ][ 8 6 0 6 431.2 ][ 8 2 0 10 439.2 ]
Final Solution Fitness:
62794.6
Final Solution Schedule:
[ 16 9 93.8 10 0 ][ 4 2 89.8 12 0 ][ 19 6 70.8 13 0 ][ 18 4 52.8 14 0 ][ 8 2 44.8 10 0 ][ 5 3 39.8 7 0 ][ 3 2 36.8 13 0 ][ 19 8 17.8 9 0 ][ 6 7 11.8 4 0 ][ 20 7 0 9 8.2 ][ 5 4 0 9 13.2 ][ 3 5 0 11 16.2 ][ 1 8 0 14 17.2 ][ 3 6 0 12 20.2 ][ 3 9 0 7 23.2 ][ 11 4 0 14 34.2 ][ 10 1 0 6 44.2 ][ 18 10 0 8 62.2 ][ 14 4 0 13 76.2 ][ 6 7 0 12 82.2 ][ 6 6 0 4 88.2 ][ 6 8 0 2 94.2 ][ 6 3 0 13 100.2 ][ 17 5 0 11 117.2 ][ 15 5 0 7 132.2 ][ 17 3 0 10 149.2 ][ 20 7 0 10 169.2 ][ 4 9 0 8 173.2 ][ 6 8 0 9 179.2 ][ 20 7 0 9 199.2 ][ 1 6 0 9 200.2 ][ 17 5 0 2 217.2 ][ 11 10 0 5 228.2 ][ 18 1 0 12 246.2 ][ 20 2 0 7 266.2 ][ 16 4 0 10 282.2 ][ 12 1 0 4 294.2 ][ 10 4 0 7 304.2 ][ 8 6 0 6 312.2 ][ 14 3 0 4 326.2 ][ 4 3 0 2 330.2 ][ 9 3 0 9 339.2 ][ 14 10 0 1 353.2 ][ 19 5 0 12 372.2 ][ 14 1 0 11 386.2 ][ 6 6 0 15 392.2 ][ 19 6 0 3 411.2 ][ 8 1 0 7 419.2 ][ 16 4 0 5 435.2 ][ 4 6 0 5 439.2 ]
Final Solution Fitness:
63141.2
Final Solution Schedule:
[ 4 6 105.8 5 0 ][ 4 3 101.8 2 0 ][ 19 5 82.8 12 0 ][ 3 6 79.8 12 0 ][ 18 1 61.8 12 0 ][ 5 3 56.8 7 0 ][ 6 7 50.8 12 0 ][ 14 4 36.8 13 0 ][ 17 5 19.8 2 0 ][ 6 6 13.8 15 0 ][ 16 9 0 10 2.2 ][ 4 2 0 12 6.2 ][ 1 8 0 14 7.2 ][ 9 3 0 9 16.2 ][ 3 5 0 11 19.2 ][ 16 4 0 10 35.2 ][ 8 1 0 7 43.2 ][ 11 4 0 14 54.2 ][ 6 3 0 13 60.2 ][ 1 6 0 9 61.2 ][ 18 10 0 8 79.2 ][ 15 5 0 7 94.2 ][ 6 8 0 9 100.2 ][ 16 4 0 5 116.2 ][ 3 2 0 13 119.2 ][ 17 3 0 10 136.2 ][ 14 1 0 11 150.2 ][ 3 9 0 7 153.2 ][ 20 7 0 10 173.2 ][ 20 7 0 9 193.2 ][ 14 3 0 4 207.2 ][ 11 10 0 5 218.2 ][ 10 1 0 6 228.2 ][ 6 8 0 2 234.2 ][ 19 8 0 9 253.2 ][ 20 2 0 7 273.2 ][ 19 6 0 13 292.2 ][ 10 4 0 7 302.2 ][ 6 6 0 4 308.2 ][ 5 4 0 9 313.2 ][ 20 7 0 9 333.2 ][ 12 1 0 4 345.2 ][ 4 9 0 8 349.2 ][ 18 4 0 14 367.2 ][ 19 6 0 3 386.2 ][ 17 5 0 11 403.2 ][ 6 7 0 4 409.2 ][ 14 10 0 1 423.2 ][ 8 6 0 6 431.2 ][ 8 2 0 10 439.2 ]
Final Solution Fitness:
62794.6
Final Solution Schedule:
[ 4 6 105.8 5 0 ][ 4 3 101.8 2 0 ][ 19 5 82.8 12 0 ][ 3 6 79.8 12 0 ][ 18 1 61.8 12 0 ][ 5 3 56.8 7 0 ][ 6 7 50.8 12 0 ][ 14 4 36.8 13 0 ][ 17 5 19.8 2 0 ][ 6 6 13.8 15 0 ][ 16 9 0 10 2.2 ][ 4 2 0 12 6.2 ][ 1 8 0 14 7.2 ][ 9 3 0 9 16.2 ][ 3 5 0 11 19.2 ][ 16 4 0 10 35.2 ][ 8 1 0 7 43.2 ][ 11 4 0 14 54.2 ][ 6 3 0 13 60.2 ][ 1 6 0 9 61.2 ][ 18 10 0 8 79.2 ][ 15 5 0 7 94.2 ][ 6 8 0 9 100.2 ][ 16 4 0 5 116.2 ][ 3 2 0 13 119.2 ][ 17 3 0 10 136.2 ][ 14 1 0 11 150.2 ][ 3 9 0 7 153.2 ][ 20 7 0 10 173.2 ][ 20 7 0 9 193.2 ][ 14 3 0 4 207.2 ][ 11 10 0 5 218.2 ][ 10 1 0 6 228.2 ][ 6 8 0 2 234.2 ][ 19 8 0 9 253.2 ][ 20 2 0 7 273.2 ][ 19 6 0 13 292.2 ][ 10 4 0 7 302.2 ][ 6 6 0 4 308.2 ][ 5 4 0 9 313.2 ][ 20 7 0 9 333.2 ][ 12 1 0 4 345.2 ][ 4 9 0 8 349.2 ][ 18 4 0 14 367.2 ][ 19 6 0 3 386.2 ][ 17 5 0 11 403.2 ][ 6 7 0 4 409.2 ][ 14 10 0 1 423.2 ][ 8 6 0 6 431.2 ][ 8 2 0 10 439.2 ]
Final Solution Fitness:
62794.6
