Final Solution Schedule:
[ 17 3 202.6 10 0 ][ 1 6 201.6 9 0 ][ 20 2 181.6 7 0 ][ 3 9 178.6 7 0 ][ 14 4 164.6 13 0 ][ 4 2 160.6 12 0 ][ 14 1 146.6 11 0 ][ 14 3 132.6 4 0 ][ 8 6 124.6 6 0 ][ 15 5 109.6 7 0 ][ 19 6 90.6 13 0 ][ 6 8 84.6 9 0 ][ 4 6 80.6 5 0 ][ 20 7 60.6 9 0 ][ 3 2 57.6 13 0 ][ 5 3 52.6 7 0 ][ 12 1 40.6 4 0 ][ 10 1 30.6 6 0 ][ 3 6 27.6 12 0 ][ 8 1 19.6 7 0 ][ 6 6 13.6 4 0 ][ 3 5 10.6 11 0 ][ 17 5 0 11 6.4 ][ 9 3 0 9 15.4 ][ 6 7 0 12 21.4 ][ 10 4 0 7 31.4 ][ 1 8 0 14 32.4 ][ 11 4 0 14 43.4 ][ 4 3 0 2 47.4 ][ 18 4 0 14 65.4 ][ 5 4 0 9 70.4 ][ 14 10 0 1 84.4 ][ 19 6 0 3 103.4 ][ 6 3 0 13 109.4 ][ 8 2 0 10 117.4 ][ 19 5 0 12 136.4 ][ 4 9 0 8 140.4 ][ 6 6 0 15 146.4 ][ 16 4 0 10 162.4 ][ 19 8 0 9 181.4 ][ 11 10 0 5 192.4 ][ 20 7 0 9 212.4 ][ 17 5 0 2 229.4 ][ 6 8 0 2 235.4 ][ 16 4 0 5 251.4 ][ 6 7 0 4 257.4 ][ 18 1 0 12 275.4 ][ 18 10 0 8 293.4 ][ 20 7 0 10 313.4 ][ 16 9 0 10 329.4 ]
Final Solution Fitness:
42163.8
Final Solution Schedule:
[ 8 1 211.6 7 0 ][ 18 1 193.6 12 0 ][ 1 8 192.6 14 0 ][ 3 6 189.6 12 0 ][ 10 1 179.6 6 0 ][ 6 7 173.6 4 0 ][ 19 5 154.6 12 0 ][ 14 1 140.6 11 0 ][ 16 4 124.6 10 0 ][ 3 5 121.6 11 0 ][ 6 3 115.6 13 0 ][ 5 3 110.6 7 0 ][ 8 2 102.6 10 0 ][ 16 9 86.6 10 0 ][ 9 3 77.6 9 0 ][ 6 6 71.6 4 0 ][ 20 2 51.6 7 0 ][ 17 3 34.6 10 0 ][ 4 9 30.6 8 0 ][ 18 4 12.6 14 0 ][ 5 4 7.6 9 0 ][ 17 5 0 11 9.4 ][ 6 7 0 12 15.4 ][ 10 4 0 7 25.4 ][ 4 6 0 5 29.4 ][ 14 4 0 13 43.4 ][ 20 7 0 9 63.4 ][ 15 5 0 7 78.4 ][ 4 2 0 12 82.4 ][ 11 4 0 14 93.4 ][ 3 9 0 7 96.4 ][ 6 6 0 15 102.4 ][ 14 10 0 1 116.4 ][ 19 6 0 13 135.4 ][ 6 8 0 2 141.4 ][ 8 6 0 6 149.4 ][ 12 1 0 4 161.4 ][ 1 6 0 9 162.4 ][ 17 5 0 2 179.4 ][ 19 8 0 9 198.4 ][ 16 4 0 5 214.4 ][ 19 6 0 3 233.4 ][ 20 7 0 10 253.4 ][ 11 10 0 5 264.4 ][ 20 7 0 9 284.4 ][ 3 2 0 13 287.4 ][ 6 8 0 9 293.4 ][ 18 10 0 8 311.4 ][ 4 3 0 2 315.4 ][ 14 3 0 4 329.4 ]
Final Solution Fitness:
42502.6
Final Solution Schedule:
[ 8 1 211.6 7 0 ][ 18 1 193.6 12 0 ][ 1 8 192.6 14 0 ][ 3 6 189.6 12 0 ][ 10 1 179.6 6 0 ][ 6 7 173.6 4 0 ][ 19 5 154.6 12 0 ][ 14 1 140.6 11 0 ][ 16 4 124.6 10 0 ][ 3 5 121.6 11 0 ][ 6 3 115.6 13 0 ][ 5 3 110.6 7 0 ][ 8 2 102.6 10 0 ][ 16 9 86.6 10 0 ][ 9 3 77.6 9 0 ][ 6 6 71.6 4 0 ][ 20 2 51.6 7 0 ][ 17 3 34.6 10 0 ][ 4 9 30.6 8 0 ][ 18 4 12.6 14 0 ][ 5 4 7.6 9 0 ][ 17 5 0 11 9.4 ][ 6 7 0 12 15.4 ][ 10 4 0 7 25.4 ][ 4 6 0 5 29.4 ][ 14 4 0 13 43.4 ][ 20 7 0 9 63.4 ][ 15 5 0 7 78.4 ][ 4 2 0 12 82.4 ][ 11 4 0 14 93.4 ][ 3 9 0 7 96.4 ][ 6 6 0 15 102.4 ][ 14 10 0 1 116.4 ][ 19 6 0 13 135.4 ][ 6 8 0 2 141.4 ][ 8 6 0 6 149.4 ][ 12 1 0 4 161.4 ][ 1 6 0 9 162.4 ][ 17 5 0 2 179.4 ][ 19 8 0 9 198.4 ][ 16 4 0 5 214.4 ][ 19 6 0 3 233.4 ][ 20 7 0 10 253.4 ][ 11 10 0 5 264.4 ][ 20 7 0 9 284.4 ][ 3 2 0 13 287.4 ][ 6 8 0 9 293.4 ][ 18 10 0 8 311.4 ][ 4 3 0 2 315.4 ][ 14 3 0 4 329.4 ]
Final Solution Fitness:
42502.6
Final Solution Schedule:
[ 17 3 202.6 10 0 ][ 1 6 201.6 9 0 ][ 20 2 181.6 7 0 ][ 3 9 178.6 7 0 ][ 14 4 164.6 13 0 ][ 4 2 160.6 12 0 ][ 14 1 146.6 11 0 ][ 14 3 132.6 4 0 ][ 8 6 124.6 6 0 ][ 15 5 109.6 7 0 ][ 19 6 90.6 13 0 ][ 6 8 84.6 9 0 ][ 4 6 80.6 5 0 ][ 20 7 60.6 9 0 ][ 3 2 57.6 13 0 ][ 5 3 52.6 7 0 ][ 12 1 40.6 4 0 ][ 10 1 30.6 6 0 ][ 3 6 27.6 12 0 ][ 8 1 19.6 7 0 ][ 6 6 13.6 4 0 ][ 3 5 10.6 11 0 ][ 17 5 0 11 6.4 ][ 9 3 0 9 15.4 ][ 6 7 0 12 21.4 ][ 10 4 0 7 31.4 ][ 1 8 0 14 32.4 ][ 11 4 0 14 43.4 ][ 4 3 0 2 47.4 ][ 18 4 0 14 65.4 ][ 5 4 0 9 70.4 ][ 14 10 0 1 84.4 ][ 19 6 0 3 103.4 ][ 6 3 0 13 109.4 ][ 8 2 0 10 117.4 ][ 19 5 0 12 136.4 ][ 4 9 0 8 140.4 ][ 6 6 0 15 146.4 ][ 16 4 0 10 162.4 ][ 19 8 0 9 181.4 ][ 11 10 0 5 192.4 ][ 20 7 0 9 212.4 ][ 17 5 0 2 229.4 ][ 6 8 0 2 235.4 ][ 16 4 0 5 251.4 ][ 6 7 0 4 257.4 ][ 18 1 0 12 275.4 ][ 18 10 0 8 293.4 ][ 20 7 0 10 313.4 ][ 16 9 0 10 329.4 ]
Final Solution Fitness:
42163.8
Final Solution Schedule:
[ 1 8 218.6 14 0 ][ 5 4 213.6 9 0 ][ 14 1 199.6 11 0 ][ 4 3 195.6 2 0 ][ 3 9 192.6 7 0 ][ 17 5 175.6 2 0 ][ 19 6 156.6 13 0 ][ 10 1 146.6 6 0 ][ 3 5 143.6 11 0 ][ 18 4 125.6 14 0 ][ 11 4 114.6 14 0 ][ 18 1 96.6 12 0 ][ 10 4 86.6 7 0 ][ 19 8 67.6 9 0 ][ 6 6 61.6 15 0 ][ 14 4 47.6 13 0 ][ 6 8 41.6 2 0 ][ 6 6 35.6 4 0 ][ 9 3 26.6 9 0 ][ 4 2 22.6 12 0 ][ 8 2 14.6 10 0 ][ 3 6 11.6 12 0 ][ 11 10 0.6 5 0 ][ 8 6 0 6 7.4 ][ 8 1 0 7 15.4 ][ 20 7 0 10 35.4 ][ 6 3 0 13 41.4 ][ 3 2 0 13 44.4 ][ 18 10 0 8 62.4 ][ 20 7 0 9 82.4 ][ 17 5 0 11 99.4 ][ 20 7 0 9 119.4 ][ 14 3 0 4 133.4 ][ 4 9 0 8 137.4 ][ 6 8 0 9 143.4 ][ 6 7 0 4 149.4 ][ 5 3 0 7 154.4 ][ 19 5 0 12 173.4 ][ 17 3 0 10 190.4 ][ 1 6 0 9 191.4 ][ 12 1 0 4 203.4 ][ 14 10 0 1 217.4 ][ 6 7 0 12 223.4 ][ 15 5 0 7 238.4 ][ 20 2 0 7 258.4 ][ 16 9 0 10 274.4 ][ 19 6 0 3 293.4 ][ 4 6 0 5 297.4 ][ 16 4 0 10 313.4 ][ 16 4 0 5 329.4 ]
Final Solution Fitness:
43507.2
Final Solution Schedule:
[ 8 1 211.6 7 0 ][ 18 1 193.6 12 0 ][ 1 8 192.6 14 0 ][ 3 6 189.6 12 0 ][ 10 1 179.6 6 0 ][ 6 7 173.6 4 0 ][ 19 5 154.6 12 0 ][ 14 1 140.6 11 0 ][ 16 4 124.6 10 0 ][ 3 5 121.6 11 0 ][ 6 3 115.6 13 0 ][ 5 3 110.6 7 0 ][ 8 2 102.6 10 0 ][ 16 9 86.6 10 0 ][ 9 3 77.6 9 0 ][ 6 6 71.6 4 0 ][ 20 2 51.6 7 0 ][ 17 3 34.6 10 0 ][ 4 9 30.6 8 0 ][ 18 4 12.6 14 0 ][ 5 4 7.6 9 0 ][ 17 5 0 11 9.4 ][ 6 7 0 12 15.4 ][ 10 4 0 7 25.4 ][ 4 6 0 5 29.4 ][ 14 4 0 13 43.4 ][ 20 7 0 9 63.4 ][ 15 5 0 7 78.4 ][ 4 2 0 12 82.4 ][ 11 4 0 14 93.4 ][ 3 9 0 7 96.4 ][ 6 6 0 15 102.4 ][ 14 10 0 1 116.4 ][ 19 6 0 13 135.4 ][ 6 8 0 2 141.4 ][ 8 6 0 6 149.4 ][ 12 1 0 4 161.4 ][ 1 6 0 9 162.4 ][ 17 5 0 2 179.4 ][ 19 8 0 9 198.4 ][ 16 4 0 5 214.4 ][ 19 6 0 3 233.4 ][ 20 7 0 10 253.4 ][ 11 10 0 5 264.4 ][ 20 7 0 9 284.4 ][ 3 2 0 13 287.4 ][ 6 8 0 9 293.4 ][ 18 10 0 8 311.4 ][ 4 3 0 2 315.4 ][ 14 3 0 4 329.4 ]
Final Solution Fitness:
42502.6
Final Solution Schedule:
[ 20 2 199.6 7 0 ][ 6 8 193.6 9 0 ][ 17 5 176.6 11 0 ][ 9 3 167.6 9 0 ][ 10 4 157.6 7 0 ][ 3 5 154.6 11 0 ][ 12 1 142.6 4 0 ][ 20 7 122.6 9 0 ][ 1 6 121.6 9 0 ][ 3 2 118.6 13 0 ][ 18 1 100.6 12 0 ][ 4 3 96.6 2 0 ][ 6 6 90.6 4 0 ][ 16 4 74.6 5 0 ][ 6 7 68.6 12 0 ][ 6 7 62.6 4 0 ][ 1 8 61.6 14 0 ][ 3 6 58.6 12 0 ][ 4 9 54.6 8 0 ][ 20 7 34.6 9 0 ][ 6 8 28.6 2 0 ][ 16 4 12.6 10 0 ][ 8 6 4.6 6 0 ][ 4 6 0.6 5 0 ][ 6 3 0 13 5.4 ][ 19 5 0 12 24.4 ][ 3 9 0 7 27.4 ][ 10 1 0 6 37.4 ][ 5 3 0 7 42.4 ][ 11 10 0 5 53.4 ][ 14 1 0 11 67.4 ][ 8 2 0 10 75.4 ][ 16 9 0 10 91.4 ][ 6 6 0 15 97.4 ][ 17 3 0 10 114.4 ][ 4 2 0 12 118.4 ][ 20 7 0 10 138.4 ][ 18 4 0 14 156.4 ][ 19 6 0 3 175.4 ][ 5 4 0 9 180.4 ][ 18 10 0 8 198.4 ][ 14 3 0 4 212.4 ][ 11 4 0 14 223.4 ][ 8 1 0 7 231.4 ][ 19 8 0 9 250.4 ][ 14 10 0 1 264.4 ][ 14 4 0 13 278.4 ][ 19 6 0 13 297.4 ][ 17 5 0 2 314.4 ][ 15 5 0 7 329.4 ]
Final Solution Fitness:
44367.8
Final Solution Schedule:
[ 17 3 202.6 10 0 ][ 1 6 201.6 9 0 ][ 20 2 181.6 7 0 ][ 3 9 178.6 7 0 ][ 14 4 164.6 13 0 ][ 4 2 160.6 12 0 ][ 14 1 146.6 11 0 ][ 14 3 132.6 4 0 ][ 8 6 124.6 6 0 ][ 15 5 109.6 7 0 ][ 19 6 90.6 13 0 ][ 6 8 84.6 9 0 ][ 4 6 80.6 5 0 ][ 20 7 60.6 9 0 ][ 3 2 57.6 13 0 ][ 5 3 52.6 7 0 ][ 12 1 40.6 4 0 ][ 10 1 30.6 6 0 ][ 3 6 27.6 12 0 ][ 8 1 19.6 7 0 ][ 6 6 13.6 4 0 ][ 3 5 10.6 11 0 ][ 17 5 0 11 6.4 ][ 9 3 0 9 15.4 ][ 6 7 0 12 21.4 ][ 10 4 0 7 31.4 ][ 1 8 0 14 32.4 ][ 11 4 0 14 43.4 ][ 4 3 0 2 47.4 ][ 18 4 0 14 65.4 ][ 5 4 0 9 70.4 ][ 14 10 0 1 84.4 ][ 19 6 0 3 103.4 ][ 6 3 0 13 109.4 ][ 8 2 0 10 117.4 ][ 19 5 0 12 136.4 ][ 4 9 0 8 140.4 ][ 6 6 0 15 146.4 ][ 16 4 0 10 162.4 ][ 19 8 0 9 181.4 ][ 11 10 0 5 192.4 ][ 20 7 0 9 212.4 ][ 17 5 0 2 229.4 ][ 6 8 0 2 235.4 ][ 16 4 0 5 251.4 ][ 6 7 0 4 257.4 ][ 18 1 0 12 275.4 ][ 18 10 0 8 293.4 ][ 20 7 0 10 313.4 ][ 16 9 0 10 329.4 ]
Final Solution Fitness:
42163.8
Final Solution Schedule:
[ 8 1 211.6 7 0 ][ 18 1 193.6 12 0 ][ 1 8 192.6 14 0 ][ 3 6 189.6 12 0 ][ 10 1 179.6 6 0 ][ 6 7 173.6 4 0 ][ 19 5 154.6 12 0 ][ 14 1 140.6 11 0 ][ 16 4 124.6 10 0 ][ 3 5 121.6 11 0 ][ 6 3 115.6 13 0 ][ 5 3 110.6 7 0 ][ 8 2 102.6 10 0 ][ 16 9 86.6 10 0 ][ 9 3 77.6 9 0 ][ 6 6 71.6 4 0 ][ 20 2 51.6 7 0 ][ 17 3 34.6 10 0 ][ 4 9 30.6 8 0 ][ 18 4 12.6 14 0 ][ 5 4 7.6 9 0 ][ 17 5 0 11 9.4 ][ 6 7 0 12 15.4 ][ 10 4 0 7 25.4 ][ 4 6 0 5 29.4 ][ 14 4 0 13 43.4 ][ 20 7 0 9 63.4 ][ 15 5 0 7 78.4 ][ 4 2 0 12 82.4 ][ 11 4 0 14 93.4 ][ 3 9 0 7 96.4 ][ 6 6 0 15 102.4 ][ 14 10 0 1 116.4 ][ 19 6 0 13 135.4 ][ 6 8 0 2 141.4 ][ 8 6 0 6 149.4 ][ 12 1 0 4 161.4 ][ 1 6 0 9 162.4 ][ 17 5 0 2 179.4 ][ 19 8 0 9 198.4 ][ 16 4 0 5 214.4 ][ 19 6 0 3 233.4 ][ 20 7 0 10 253.4 ][ 11 10 0 5 264.4 ][ 20 7 0 9 284.4 ][ 3 2 0 13 287.4 ][ 6 8 0 9 293.4 ][ 18 10 0 8 311.4 ][ 4 3 0 2 315.4 ][ 14 3 0 4 329.4 ]
Final Solution Fitness:
42502.6
Final Solution Schedule:
[ 17 3 202.6 10 0 ][ 9 3 193.6 9 0 ][ 18 10 175.6 8 0 ][ 6 3 169.6 13 0 ][ 16 9 153.6 10 0 ][ 20 7 133.6 10 0 ][ 19 8 114.6 9 0 ][ 4 9 110.6 8 0 ][ 19 5 91.6 12 0 ][ 5 4 86.6 9 0 ][ 17 5 69.6 11 0 ][ 15 5 54.6 7 0 ][ 6 8 48.6 2 0 ][ 3 9 45.6 7 0 ][ 8 1 37.6 7 0 ][ 14 4 23.6 13 0 ][ 8 2 15.6 10 0 ][ 4 6 11.6 5 0 ][ 4 2 7.6 12 0 ][ 6 6 1.6 15 0 ][ 11 4 0 14 9.4 ][ 1 6 0 9 10.4 ][ 3 5 0 11 13.4 ][ 1 8 0 14 14.4 ][ 11 10 0 5 25.4 ][ 16 4 0 5 41.4 ][ 14 1 0 11 55.4 ][ 19 6 0 13 74.4 ][ 5 3 0 7 79.4 ][ 4 3 0 2 83.4 ][ 20 2 0 7 103.4 ][ 20 7 0 9 123.4 ][ 6 8 0 9 129.4 ][ 12 1 0 4 141.4 ][ 18 1 0 12 159.4 ][ 8 6 0 6 167.4 ][ 16 4 0 10 183.4 ][ 6 7 0 12 189.4 ][ 6 7 0 4 195.4 ][ 18 4 0 14 213.4 ][ 3 6 0 12 216.4 ][ 3 2 0 13 219.4 ][ 14 3 0 4 233.4 ][ 20 7 0 9 253.4 ][ 6 6 0 4 259.4 ][ 10 1 0 6 269.4 ][ 17 5 0 2 286.4 ][ 10 4 0 7 296.4 ][ 19 6 0 3 315.4 ][ 14 10 0 1 329.4 ]
Final Solution Fitness:
42971
