Final Solution Schedule:
[ 17 3 202.6 10 0 ][ 1 6 201.6 9 0 ][ 20 2 181.6 7 0 ][ 3 9 178.6 7 0 ][ 14 4 164.6 13 0 ][ 4 2 160.6 12 0 ][ 14 1 146.6 11 0 ][ 14 3 132.6 4 0 ][ 8 6 124.6 6 0 ][ 15 5 109.6 7 0 ][ 19 6 90.6 13 0 ][ 6 8 84.6 9 0 ][ 4 6 80.6 5 0 ][ 20 7 60.6 9 0 ][ 3 2 57.6 13 0 ][ 5 3 52.6 7 0 ][ 12 1 40.6 4 0 ][ 10 1 30.6 6 0 ][ 3 6 27.6 12 0 ][ 8 1 19.6 7 0 ][ 6 6 13.6 4 0 ][ 3 5 10.6 11 0 ][ 17 5 0 11 6.4 ][ 9 3 0 9 15.4 ][ 6 7 0 12 21.4 ][ 10 4 0 7 31.4 ][ 1 8 0 14 32.4 ][ 11 4 0 14 43.4 ][ 4 3 0 2 47.4 ][ 18 4 0 14 65.4 ][ 5 4 0 9 70.4 ][ 14 10 0 1 84.4 ][ 19 6 0 3 103.4 ][ 6 3 0 13 109.4 ][ 8 2 0 10 117.4 ][ 19 5 0 12 136.4 ][ 4 9 0 8 140.4 ][ 6 6 0 15 146.4 ][ 16 4 0 10 162.4 ][ 19 8 0 9 181.4 ][ 11 10 0 5 192.4 ][ 20 7 0 9 212.4 ][ 17 5 0 2 229.4 ][ 6 8 0 2 235.4 ][ 16 4 0 5 251.4 ][ 6 7 0 4 257.4 ][ 18 1 0 12 275.4 ][ 18 10 0 8 293.4 ][ 20 7 0 10 313.4 ][ 16 9 0 10 329.4 ]
Final Solution Fitness:
42163.8
Final Solution Schedule:
[ 8 1 211.6 7 0 ][ 18 1 193.6 12 0 ][ 1 8 192.6 14 0 ][ 3 6 189.6 12 0 ][ 10 1 179.6 6 0 ][ 6 7 173.6 4 0 ][ 19 5 154.6 12 0 ][ 14 1 140.6 11 0 ][ 16 4 124.6 10 0 ][ 3 5 121.6 11 0 ][ 6 3 115.6 13 0 ][ 5 3 110.6 7 0 ][ 8 2 102.6 10 0 ][ 16 9 86.6 10 0 ][ 9 3 77.6 9 0 ][ 6 6 71.6 4 0 ][ 20 2 51.6 7 0 ][ 17 3 34.6 10 0 ][ 4 9 30.6 8 0 ][ 18 4 12.6 14 0 ][ 5 4 7.6 9 0 ][ 17 5 0 11 9.4 ][ 6 7 0 12 15.4 ][ 10 4 0 7 25.4 ][ 4 6 0 5 29.4 ][ 14 4 0 13 43.4 ][ 20 7 0 9 63.4 ][ 15 5 0 7 78.4 ][ 4 2 0 12 82.4 ][ 11 4 0 14 93.4 ][ 3 9 0 7 96.4 ][ 6 6 0 15 102.4 ][ 14 10 0 1 116.4 ][ 19 6 0 13 135.4 ][ 6 8 0 2 141.4 ][ 8 6 0 6 149.4 ][ 12 1 0 4 161.4 ][ 1 6 0 9 162.4 ][ 17 5 0 2 179.4 ][ 19 8 0 9 198.4 ][ 16 4 0 5 214.4 ][ 19 6 0 3 233.4 ][ 20 7 0 10 253.4 ][ 11 10 0 5 264.4 ][ 20 7 0 9 284.4 ][ 3 2 0 13 287.4 ][ 6 8 0 9 293.4 ][ 18 10 0 8 311.4 ][ 4 3 0 2 315.4 ][ 14 3 0 4 329.4 ]
Final Solution Fitness:
42502.6
Final Solution Schedule:
[ 8 1 211.6 7 0 ][ 18 1 193.6 12 0 ][ 1 8 192.6 14 0 ][ 3 6 189.6 12 0 ][ 10 1 179.6 6 0 ][ 6 7 173.6 4 0 ][ 19 5 154.6 12 0 ][ 14 1 140.6 11 0 ][ 16 4 124.6 10 0 ][ 3 5 121.6 11 0 ][ 6 3 115.6 13 0 ][ 5 3 110.6 7 0 ][ 8 2 102.6 10 0 ][ 16 9 86.6 10 0 ][ 9 3 77.6 9 0 ][ 6 6 71.6 4 0 ][ 20 2 51.6 7 0 ][ 17 3 34.6 10 0 ][ 4 9 30.6 8 0 ][ 18 4 12.6 14 0 ][ 5 4 7.6 9 0 ][ 17 5 0 11 9.4 ][ 6 7 0 12 15.4 ][ 10 4 0 7 25.4 ][ 4 6 0 5 29.4 ][ 14 4 0 13 43.4 ][ 20 7 0 9 63.4 ][ 15 5 0 7 78.4 ][ 4 2 0 12 82.4 ][ 11 4 0 14 93.4 ][ 3 9 0 7 96.4 ][ 6 6 0 15 102.4 ][ 14 10 0 1 116.4 ][ 19 6 0 13 135.4 ][ 6 8 0 2 141.4 ][ 8 6 0 6 149.4 ][ 12 1 0 4 161.4 ][ 1 6 0 9 162.4 ][ 17 5 0 2 179.4 ][ 19 8 0 9 198.4 ][ 16 4 0 5 214.4 ][ 19 6 0 3 233.4 ][ 20 7 0 10 253.4 ][ 11 10 0 5 264.4 ][ 20 7 0 9 284.4 ][ 3 2 0 13 287.4 ][ 6 8 0 9 293.4 ][ 18 10 0 8 311.4 ][ 4 3 0 2 315.4 ][ 14 3 0 4 329.4 ]
Final Solution Fitness:
42502.6
Final Solution Schedule:
[ 8 1 211.6 7 0 ][ 18 1 193.6 12 0 ][ 1 8 192.6 14 0 ][ 3 6 189.6 12 0 ][ 10 1 179.6 6 0 ][ 6 7 173.6 4 0 ][ 19 5 154.6 12 0 ][ 14 1 140.6 11 0 ][ 16 4 124.6 10 0 ][ 3 5 121.6 11 0 ][ 6 3 115.6 13 0 ][ 5 3 110.6 7 0 ][ 8 2 102.6 10 0 ][ 16 9 86.6 10 0 ][ 9 3 77.6 9 0 ][ 6 6 71.6 4 0 ][ 20 2 51.6 7 0 ][ 17 3 34.6 10 0 ][ 4 9 30.6 8 0 ][ 18 4 12.6 14 0 ][ 5 4 7.6 9 0 ][ 17 5 0 11 9.4 ][ 6 7 0 12 15.4 ][ 10 4 0 7 25.4 ][ 4 6 0 5 29.4 ][ 14 4 0 13 43.4 ][ 20 7 0 9 63.4 ][ 15 5 0 7 78.4 ][ 4 2 0 12 82.4 ][ 11 4 0 14 93.4 ][ 3 9 0 7 96.4 ][ 6 6 0 15 102.4 ][ 14 10 0 1 116.4 ][ 19 6 0 13 135.4 ][ 6 8 0 2 141.4 ][ 8 6 0 6 149.4 ][ 12 1 0 4 161.4 ][ 1 6 0 9 162.4 ][ 17 5 0 2 179.4 ][ 19 8 0 9 198.4 ][ 16 4 0 5 214.4 ][ 19 6 0 3 233.4 ][ 20 7 0 10 253.4 ][ 11 10 0 5 264.4 ][ 20 7 0 9 284.4 ][ 3 2 0 13 287.4 ][ 6 8 0 9 293.4 ][ 18 10 0 8 311.4 ][ 4 3 0 2 315.4 ][ 14 3 0 4 329.4 ]
Final Solution Fitness:
42502.6
Final Solution Schedule:
[ 17 3 202.6 10 0 ][ 1 6 201.6 9 0 ][ 20 2 181.6 7 0 ][ 3 9 178.6 7 0 ][ 14 4 164.6 13 0 ][ 4 2 160.6 12 0 ][ 14 1 146.6 11 0 ][ 14 3 132.6 4 0 ][ 8 6 124.6 6 0 ][ 15 5 109.6 7 0 ][ 19 6 90.6 13 0 ][ 6 8 84.6 9 0 ][ 4 6 80.6 5 0 ][ 20 7 60.6 9 0 ][ 3 2 57.6 13 0 ][ 5 3 52.6 7 0 ][ 12 1 40.6 4 0 ][ 10 1 30.6 6 0 ][ 3 6 27.6 12 0 ][ 8 1 19.6 7 0 ][ 6 6 13.6 4 0 ][ 3 5 10.6 11 0 ][ 17 5 0 11 6.4 ][ 9 3 0 9 15.4 ][ 6 7 0 12 21.4 ][ 10 4 0 7 31.4 ][ 1 8 0 14 32.4 ][ 11 4 0 14 43.4 ][ 4 3 0 2 47.4 ][ 18 4 0 14 65.4 ][ 5 4 0 9 70.4 ][ 14 10 0 1 84.4 ][ 19 6 0 3 103.4 ][ 6 3 0 13 109.4 ][ 8 2 0 10 117.4 ][ 19 5 0 12 136.4 ][ 4 9 0 8 140.4 ][ 6 6 0 15 146.4 ][ 16 4 0 10 162.4 ][ 19 8 0 9 181.4 ][ 11 10 0 5 192.4 ][ 20 7 0 9 212.4 ][ 17 5 0 2 229.4 ][ 6 8 0 2 235.4 ][ 16 4 0 5 251.4 ][ 6 7 0 4 257.4 ][ 18 1 0 12 275.4 ][ 18 10 0 8 293.4 ][ 20 7 0 10 313.4 ][ 16 9 0 10 329.4 ]
Final Solution Fitness:
42163.8
Final Solution Schedule:
[ 17 3 202.6 10 0 ][ 1 6 201.6 9 0 ][ 20 2 181.6 7 0 ][ 3 9 178.6 7 0 ][ 14 4 164.6 13 0 ][ 4 2 160.6 12 0 ][ 14 1 146.6 11 0 ][ 14 3 132.6 4 0 ][ 8 6 124.6 6 0 ][ 15 5 109.6 7 0 ][ 19 6 90.6 13 0 ][ 6 8 84.6 9 0 ][ 4 6 80.6 5 0 ][ 20 7 60.6 9 0 ][ 3 2 57.6 13 0 ][ 5 3 52.6 7 0 ][ 12 1 40.6 4 0 ][ 10 1 30.6 6 0 ][ 3 6 27.6 12 0 ][ 8 1 19.6 7 0 ][ 6 6 13.6 4 0 ][ 3 5 10.6 11 0 ][ 17 5 0 11 6.4 ][ 9 3 0 9 15.4 ][ 6 7 0 12 21.4 ][ 10 4 0 7 31.4 ][ 1 8 0 14 32.4 ][ 11 4 0 14 43.4 ][ 4 3 0 2 47.4 ][ 18 4 0 14 65.4 ][ 5 4 0 9 70.4 ][ 14 10 0 1 84.4 ][ 19 6 0 3 103.4 ][ 6 3 0 13 109.4 ][ 8 2 0 10 117.4 ][ 19 5 0 12 136.4 ][ 4 9 0 8 140.4 ][ 6 6 0 15 146.4 ][ 16 4 0 10 162.4 ][ 19 8 0 9 181.4 ][ 11 10 0 5 192.4 ][ 20 7 0 9 212.4 ][ 17 5 0 2 229.4 ][ 6 8 0 2 235.4 ][ 16 4 0 5 251.4 ][ 6 7 0 4 257.4 ][ 18 1 0 12 275.4 ][ 18 10 0 8 293.4 ][ 20 7 0 10 313.4 ][ 16 9 0 10 329.4 ]
Final Solution Fitness:
42163.8
Final Solution Schedule:
[ 17 3 202.6 10 0 ][ 1 6 201.6 9 0 ][ 20 2 181.6 7 0 ][ 3 9 178.6 7 0 ][ 14 4 164.6 13 0 ][ 4 2 160.6 12 0 ][ 14 1 146.6 11 0 ][ 14 3 132.6 4 0 ][ 8 6 124.6 6 0 ][ 15 5 109.6 7 0 ][ 19 6 90.6 13 0 ][ 6 8 84.6 9 0 ][ 4 6 80.6 5 0 ][ 20 7 60.6 9 0 ][ 3 2 57.6 13 0 ][ 5 3 52.6 7 0 ][ 12 1 40.6 4 0 ][ 10 1 30.6 6 0 ][ 3 6 27.6 12 0 ][ 8 1 19.6 7 0 ][ 6 6 13.6 4 0 ][ 3 5 10.6 11 0 ][ 17 5 0 11 6.4 ][ 9 3 0 9 15.4 ][ 6 7 0 12 21.4 ][ 10 4 0 7 31.4 ][ 1 8 0 14 32.4 ][ 11 4 0 14 43.4 ][ 4 3 0 2 47.4 ][ 18 4 0 14 65.4 ][ 5 4 0 9 70.4 ][ 14 10 0 1 84.4 ][ 19 6 0 3 103.4 ][ 6 3 0 13 109.4 ][ 8 2 0 10 117.4 ][ 19 5 0 12 136.4 ][ 4 9 0 8 140.4 ][ 6 6 0 15 146.4 ][ 16 4 0 10 162.4 ][ 19 8 0 9 181.4 ][ 11 10 0 5 192.4 ][ 20 7 0 9 212.4 ][ 17 5 0 2 229.4 ][ 6 8 0 2 235.4 ][ 16 4 0 5 251.4 ][ 6 7 0 4 257.4 ][ 18 1 0 12 275.4 ][ 18 10 0 8 293.4 ][ 20 7 0 10 313.4 ][ 16 9 0 10 329.4 ]
Final Solution Fitness:
42163.8
Final Solution Schedule:
[ 17 3 202.6 10 0 ][ 1 6 201.6 9 0 ][ 20 2 181.6 7 0 ][ 3 9 178.6 7 0 ][ 14 4 164.6 13 0 ][ 4 2 160.6 12 0 ][ 14 1 146.6 11 0 ][ 14 3 132.6 4 0 ][ 8 6 124.6 6 0 ][ 15 5 109.6 7 0 ][ 19 6 90.6 13 0 ][ 6 8 84.6 9 0 ][ 4 6 80.6 5 0 ][ 20 7 60.6 9 0 ][ 3 2 57.6 13 0 ][ 5 3 52.6 7 0 ][ 12 1 40.6 4 0 ][ 10 1 30.6 6 0 ][ 3 6 27.6 12 0 ][ 8 1 19.6 7 0 ][ 6 6 13.6 4 0 ][ 3 5 10.6 11 0 ][ 17 5 0 11 6.4 ][ 9 3 0 9 15.4 ][ 6 7 0 12 21.4 ][ 10 4 0 7 31.4 ][ 1 8 0 14 32.4 ][ 11 4 0 14 43.4 ][ 4 3 0 2 47.4 ][ 18 4 0 14 65.4 ][ 5 4 0 9 70.4 ][ 14 10 0 1 84.4 ][ 19 6 0 3 103.4 ][ 6 3 0 13 109.4 ][ 8 2 0 10 117.4 ][ 19 5 0 12 136.4 ][ 4 9 0 8 140.4 ][ 6 6 0 15 146.4 ][ 16 4 0 10 162.4 ][ 19 8 0 9 181.4 ][ 11 10 0 5 192.4 ][ 20 7 0 9 212.4 ][ 17 5 0 2 229.4 ][ 6 8 0 2 235.4 ][ 16 4 0 5 251.4 ][ 6 7 0 4 257.4 ][ 18 1 0 12 275.4 ][ 18 10 0 8 293.4 ][ 20 7 0 10 313.4 ][ 16 9 0 10 329.4 ]
Final Solution Fitness:
42163.8
Final Solution Schedule:
[ 8 1 211.6 7 0 ][ 18 1 193.6 12 0 ][ 1 8 192.6 14 0 ][ 3 6 189.6 12 0 ][ 10 1 179.6 6 0 ][ 6 7 173.6 4 0 ][ 19 5 154.6 12 0 ][ 14 1 140.6 11 0 ][ 16 4 124.6 10 0 ][ 3 5 121.6 11 0 ][ 6 3 115.6 13 0 ][ 5 3 110.6 7 0 ][ 8 2 102.6 10 0 ][ 16 9 86.6 10 0 ][ 9 3 77.6 9 0 ][ 6 6 71.6 4 0 ][ 20 2 51.6 7 0 ][ 17 3 34.6 10 0 ][ 4 9 30.6 8 0 ][ 18 4 12.6 14 0 ][ 5 4 7.6 9 0 ][ 17 5 0 11 9.4 ][ 6 7 0 12 15.4 ][ 10 4 0 7 25.4 ][ 4 6 0 5 29.4 ][ 14 4 0 13 43.4 ][ 20 7 0 9 63.4 ][ 15 5 0 7 78.4 ][ 4 2 0 12 82.4 ][ 11 4 0 14 93.4 ][ 3 9 0 7 96.4 ][ 6 6 0 15 102.4 ][ 14 10 0 1 116.4 ][ 19 6 0 13 135.4 ][ 6 8 0 2 141.4 ][ 8 6 0 6 149.4 ][ 12 1 0 4 161.4 ][ 1 6 0 9 162.4 ][ 17 5 0 2 179.4 ][ 19 8 0 9 198.4 ][ 16 4 0 5 214.4 ][ 19 6 0 3 233.4 ][ 20 7 0 10 253.4 ][ 11 10 0 5 264.4 ][ 20 7 0 9 284.4 ][ 3 2 0 13 287.4 ][ 6 8 0 9 293.4 ][ 18 10 0 8 311.4 ][ 4 3 0 2 315.4 ][ 14 3 0 4 329.4 ]
Final Solution Fitness:
42502.6
Final Solution Schedule:
[ 6 3 213.6 13 0 ][ 8 1 205.6 7 0 ][ 18 1 187.6 12 0 ][ 4 3 183.6 2 0 ][ 1 6 182.6 9 0 ][ 5 3 177.6 7 0 ][ 16 4 161.6 10 0 ][ 17 5 144.6 2 0 ][ 1 8 143.6 14 0 ][ 6 6 137.6 15 0 ][ 8 6 129.6 6 0 ][ 17 3 112.6 10 0 ][ 10 4 102.6 7 0 ][ 6 6 96.6 4 0 ][ 14 4 82.6 13 0 ][ 4 6 78.6 5 0 ][ 3 9 75.6 7 0 ][ 9 3 66.6 9 0 ][ 17 5 49.6 11 0 ][ 6 7 43.6 12 0 ][ 6 7 37.6 4 0 ][ 20 7 17.6 9 0 ][ 5 4 12.6 9 0 ][ 4 2 8.6 12 0 ][ 4 9 4.6 8 0 ][ 6 8 0 9 1.4 ][ 15 5 0 7 16.4 ][ 12 1 0 4 28.4 ][ 3 2 0 13 31.4 ][ 19 5 0 12 50.4 ][ 8 2 0 10 58.4 ][ 20 7 0 9 78.4 ][ 19 6 0 3 97.4 ][ 20 2 0 7 117.4 ][ 19 6 0 13 136.4 ][ 3 6 0 12 139.4 ][ 14 1 0 11 153.4 ][ 10 1 0 6 163.4 ][ 20 7 0 10 183.4 ][ 16 9 0 10 199.4 ][ 3 5 0 11 202.4 ][ 6 8 0 2 208.4 ][ 19 8 0 9 227.4 ][ 11 4 0 14 238.4 ][ 18 10 0 8 256.4 ][ 16 4 0 5 272.4 ][ 18 4 0 14 290.4 ][ 11 10 0 5 301.4 ][ 14 3 0 4 315.4 ][ 14 10 0 1 329.4 ]
Final Solution Fitness:
43596.8
